
	M10	M12	M14	M15	M16	M17	M18	M19	M2	M20	M21	M23	M24	M25	M26	M27	M28	M29	M3	M30	M31	M33	M35	M36	M37	M38	M39	M4	M40	M41	M43	M44	M45	M46	M47	M48	M5	M6	M7	M8	M9	P10	P12	P14	P15	P16	P17	P18	P19	P2	P20	P21	P23	P24	P25	P26	P27	P28	P29	P3	P30	P31	P33	P35	P36	P37	P38	P39	P4	P40	P41	P43	P44	P45	P46	P47	P48	P5	P6	P7	P8	P9
8.06111111111111	0	0	7987627.534	0	0	6194918.979	0	0	0	0	0	0	38786118.939	0	0	0	0	13872032.733	0	0	0	0	0	0	0	0	0	0	0	0	0	0	0	144565065.885	0	23878813.393	0	0	0	0	0	0	0	0	0	0	4584709.048	0	0	0	0	0	0	7221684.464	0	11003964.718	0	0	0	0	0	0	0	0	0	0	0	0	0	0	0	0	0	0	0	0	0	0	0	0	0	0
8.23	0	0	1421525.881	0	0	0	0	0	0	0	0	0	0	0	0	0	5505380.097	0	0	1090658.848	0	0	0	0	0	0	0	0	0	0	0	1440072.17	0	0	0	0	0	0	0	0	0	0	0	0	0	0	0	0	0	0	0	0	0	0	1216026.536	0	0	0	0	0	0	0	0	0	0	0	0	0	0	0	0	0	0	0	0	0	0	0	0	0	0	0
8.30714285714286	0	1002637.576	0	0	1008066.61	0	0	0	0	0	0	0	0	0	0	0	0	0	0	0	0	0	0	0	0	0	0	0	0	0	0	0	1852752.381	0	0	0	0	0	0	0	0	0	0	0	0	0	0	0	1316333.564	0	0	0	0	0	0	0	0	0	0	0	0	1421386.773	1365303.458	0	0	0	0	0	0	2071943.061	0	0	0	0	0	0	0	0	0	0	0	0
8.394	0	0	0	0	0	0	0	0	0	0	0	0	0	0	0	0	0	0	0	0	0	0	0	0	0	0	0	0	0	0	0	0	0	0	0	1862527.17	0	0	0	0	0	0	0	994317.39	0	0	0	0	0	0	0	1370256.714	0	0	0	0	1003637.89	0	0	0	0	0	0	0	0	0	0	0	0	0	0	0	0	0	0	0	0	0	1353381.78	0	0	0
8.47375	0	0	0	0	1783170.417	0	0	0	0	0	0	0	0	0	0	0	0	0	0	2950040.407	0	0	0	0	0	0	19533001.385	7247631.34	0	12727182.912	0	8572102.743	0	0	0	7874387.019	0	13963547.242	0	0	0	3629705.932	0	0	0	37781852.795	0	0	0	0	0	0	67243696.95	0	0	1665317.066	0	0	5586160.62	0	0	0	0	0	0	0	0	26604920.457	0	0	0	0	0	41034624.357	45144882.716	0	0	0	0	0	0	0
8.51615384615385	1715546.836	0	0	0	779098.794	0	0	0	0	0	0	0	0	0	0	0	0	0	0	0	5352180.756	2568031.381	0	0	0	0	0	0	0	0	3470326.232	0	2902386.838	0	0	0	0	0	7731076.834	0	0	0	4036315.726	0	950367.196	0	0	0	0	0	0	4153511.031	0	0	0	0	14448012.241	0	7661548.004	0	0	3796772.739	0	0	0	0	0	0	0	0	0	0	0	0	0	0	0	0	0	0	0	0
8.54566666666667	0	3838621.697	0	0	3726332.261	0	0	0	0	861314.089	0	0	2455824.286	0	0	0	0	0	0	0	0	0	0	0	1787267.608	0	0	0	0	1525157.356	0	0	0	0	828404.522	0	0	0	0	0	0	0	0	0	852691.263	0	0	1482226.722	0	0	0	0	0	0	0	1191001.94	0	799109.403	3352593.734	1618798.258	0	0	0	0	0	0	0	0	0	1631405.507	2193298.214	0	0	0	0	0	0	0	0	0	0	0
8.90476190476191	4910808.336	0	0	0	0	0	0	0	0	0	0	0	0	8072020.046	0	0	0	0	0	5631314.498	0	0	5957436.448	0	0	0	0	4091696.336	15395147.265	0	0	9754508.921	0	0	0	7953086.34	0	0	0	2636776.279	0	0	0	0	0	0	0	0	0	5594121.752	0	0	0	2393084.104	0	0	0	5763677.333	0	0	0	0	0	11250464.556	6379632.309	0	0	22882781.068	5389614.478	0	11611350.423	0	17512834.827	48211784.114	34116727.651	0	0	0	0	0	3930357.058	0
8.99	1235318.285	0	0	0	0	0	0	0	0	0	0	0	0	0	0	0	0	0	0	0	0	3067552.107	0	0	0	5307517.822	0	0	0	0	0	0	0	0	0	0	0	0	0	0	0	0	0	0	0	0	0	0	0	0	0	0	0	0	0	0	0	0	0	0	0	0	0	0	0	0	0	0	0	0	0	0	0	0	0	0	0	0	0	0	0	0
9.26	0	0	0	0	0	0	0	0	0	0	0	0	3990471.609	0	0	0	0	0	0	0	0	0	0	0	0	0	0	0	2844703.05	0	0	0	0	0	0	0	0	0	0	0	0	0	0	0	0	0	0	0	2661414.889	0	0	0	0	0	0	0	0	0	0	0	0	0	0	0	0	0	0	0	0	0	0	0	0	0	0	0	0	0	0	0	0	0
9.693125	0	2195693.563	0	0	0	0	2006139.151	2345982.523	4258883.819	0	0	13077146.563	4310666.366	0	2285755.884	0	4131186.498	0	0	0	4397219.566	0	0	4683478.514	1150586.942	2023914.698	0	0	1889892.387	0	0	0	8042832.421	13486840.095	0	0	0	0	0	0	7698789.375	0	0	0	0	5913033.132	0	0	0	0	0	0	0	0	0	1716529.374	0	0	0	0	7275401.361	0	0	0	0	0	3848817.488	0	0	0	1995063.538	0	4627386.874	0	7859172.351	0	0	0	0	0	0	4587684.021
9.7	0	430968.753	0	0	0	0	0	0	0	0	0	0	0	0	0	0	0	0	0	0	0	0	0	0	0	0	3169633.289	0	0	0	0	2749155.32	0	0	0	0	0	0	1698702.056	0	0	0	0	0	0	0	0	0	0	0	0	0	0	0	0	0	0	0	0	0	0	0	0	0	0	0	0	8015485.146	0	0	0	0	0	0	0	0	0	0	0	0	0	0
9.75530612244898	4052972.614	5920595.974	0	0	3569983.854	0	1773798.355	4135963.865	4837871.04	0	2691375.777	7529634.315	7917153.197	0	3591609.155	0	3260364.532	0	5729900.246	0	5822851.375	0	4620039.261	5057402.449	6984112.466	2019590.502	1677460.012	0	1088142.081	0	4597400.784	2011180.18	16283652.99	10632797.303	0	5183381.106	3849490.246	2814269.442	1710888.457	0	0	0	9419673.968	0	0	6831052.579	0	0	0	0	0	5059133.182	0	0	0	3101190.305	0	4303600.995	8820791.204	0	0	3488854.912	11243916.092	3223750.689	0	15041447.121	2570495.982	8404613.918	0	2421907.887	2992267.414	5403114.184	3923175.172	37092179.022	5340835.797	5147198.578	0	0	9349613.33	5039509.356	0	3017028.285
9.776	0	0	0	0	0	0	0	0	0	0	0	0	0	0	0	0	0	0	0	0	0	0	0	0	0	0	0	0	1716137.495	0	0	0	0	0	0	0	0	2596453.523	1929939.878	0	0	0	0	0	0	0	0	0	0	0	0	0	15746498.706	0	0	0	4590288.004	0	0	0	0	0	0	0	0	0	0	0	0	0	0	0	0	0	0	0	0	0	0	0	0	0
9.89	0	0	0	0	0	0	0	0	6953875.34	0	0	0	0	0	0	0	0	0	0	0	0	0	0	0	0	0	0	0	0	0	0	0	0	0	0	0	0	0	0	0	0	0	0	0	0	5568939.655	0	0	0	0	0	0	0	0	0	0	0	0	0	0	0	0	5392636.807	0	0	0	0	0	0	0	0	0	0	0	0	0	0	0	0	0	0	0
9.915	0	0	0	0	0	0	0	0	0	0	0	6749380.883	0	0	0	0	0	0	0	0	0	0	0	0	0	0	0	0	0	0	0	0	0	0	0	0	0	0	0	0	0	0	0	0	0	0	0	0	0	0	0	0	7928360.941	0	0	0	0	0	0	0	0	0	0	0	0	0	0	0	0	0	0	0	0	7466188.614	0	0	0	0	0	0	0	2148777.552
9.95	0	0	0	0	0	0	0	0	0	0	0	0	0	0	0	0	0	0	0	0	0	0	0	0	0	0	0	0	0	0	0	0	3931357.646	0	0	0	0	0	0	0	0	0	0	0	0	0	0	0	0	0	0	0	0	0	0	0	0	0	0	0	0	0	2240256.087	0	0	0	0	0	0	0	0	0	0	0	0	0	0	0	0	0	0	0
10.22	0	0	0	0	0	0	0	0	0	0	0	0	0	0	0	0	0	0	0	0	0	0	0	0	0	0	0	0	0	0	0	0	28536205.846	0	0	0	0	0	0	0	0	0	0	0	0	0	0	0	0	0	0	0	0	0	0	1142119.362	0	0	0	0	0	0	0	0	0	0	0	0	0	0	0	0	0	19366543.783	0	0	0	0	0	3955590.032	0	0
10.255	0	0	0	0	0	0	0	0	0	0	0	0	0	0	0	0	0	0	1144339.261	0	0	0	0	0	0	0	0	0	0	0	0	0	0	0	608162.317	0	0	0	0	0	0	0	0	0	0	0	0	0	0	0	0	0	0	0	0	0	0	0	0	0	0	0	0	1041656.922	0	0	0	0	0	0	0	0	783957.958	0	0	0	0	0	0	0	0	0
10.3228571428571	0	0	0	0	0	0	897600.605	0	0	0	0	0	0	0	0	0	0	0	0	0	0	2145983.197	0	0	1364234.252	0	0	0	0	0	0	0	0	0	0	1825475.971	0	0	0	0	0	0	0	0	0	0	0	0	0	0	0	1417300.324	0	0	0	0	1818809.22	0	0	0	0	0	0	0	0	0	0	0	0	0	0	0	0	0	0	0	0	0	1356739.971	0	0	0
10.471875	0	0	0	0	0	0	0	0	0	0	2468374.609	9061381.968	0	0	1572583.188	0	0	0	0	0	0	0	0	0	0	2543748.285	0	0	0	0	0	0	0	0	0	0	1493015.628	2609281.667	4877911.442	0	0	0	6844349.197	0	0	0	0	0	6006768.418	0	0	0	12798175.815	0	0	0	0	0	0	1739107.807	0	0	0	0	1500200.205	0	1173505.76	0	1567912.566	0	0	0	0	0	0	0	0	1162507.185	0	0	0	2876289.056
10.5933333333333	0	0	0	0	0	0	0	0	1612797.654	0	0	0	0	0	0	0	0	0	0	0	0	0	0	0	0	0	0	0	0	0	0	0	0	0	0	0	0	0	0	0	0	0	0	0	0	0	0	0	0	0	0	0	0	0	0	0	0	0	0	0	0	0	0	0	0	0	0	0	0	0	0	0	0	0	0	2003113.033	0	0	0	0	0	1990821.591
10.692	0	0	0	0	0	0	0	0	0	0	0	0	0	0	0	0	0	0	0	0	0	0	0	0	0	0	0	0	0	0	0	0	3194776.533	0	0	0	0	0	0	0	0	0	0	0	0	0	0	0	0	0	0	0	0	0	0	0	0	0	0	0	0	0	0	0	0	0	5281331.155	0	0	5110644.773	0	0	0	0	0	1386462.186	0	0	0	0	0	1704184.117
10.7542857142857	0	0	0	0	0	0	0	0	5323787.323	0	0	5927191.291	0	0	0	0	0	0	0	0	0	0	0	0	0	0	0	0	0	0	0	0	0	0	0	0	0	0	0	0	3416889.323	0	0	0	0	0	0	0	0	0	0	0	5609658.289	0	0	0	0	0	0	0	0	0	0	0	0	0	0	0	0	0	0	0	0	17811266.988	0	2024101.137	0	0	0	0	0	4043248.009
11.0493181818182	0	0	0	0	0	0	0	0	7193060.094	0	0	4589530.089	0	0	0	0	0	0	3199573.53	0	0	0	0	0	0	0	0	0	2585885.212	0	0	0	3788107.013	0	0	0	0	0	0	0	2518384.283	0	3479618.036	0	0	3523337.62	0	0	0	0	0	0	3178067.052	0	0	0	0	0	0	1851162.887	1115793.767	0	2740492.615	0	0	2984609.157	1991801.063	0	2357381.279	0	0	1836814.604	2109245.365	0	0	3255907.936	0	2268734.058	0	3664385.483	2305321.589	7663325.683
11.13	0	0	0	0	0	0	0	0	0	0	0	0	0	0	0	0	0	0	0	0	0	0	0	0	0	0	0	0	0	0	0	0	0	0	0	0	0	0	0	0	755625.925	0	0	0	0	0	0	0	0	0	0	0	0	0	0	0	0	0	0	0	0	0	0	0	0	0	0	0	0	0	0	0	0	0	0	1132404.166	0	0	0	0	0	0
11.2366666666667	0	0	0	0	0	0	0	0	0	0	0	0	0	0	0	0	0	0	0	0	0	0	0	0	0	0	0	0	0	0	0	566574.242	173758765.443	0	0	0	0	0	0	1036286.729	0	0	0	0	0	0	0	0	0	0	0	0	0	0	0	0	0	0	0	0	0	0	0	0	0	0	0	0	0	0	0	0	0	0	0	0	0	0	0	0	0	0
11.8188888888889	2981516.14	0	0	0	0	0	0	0	0	0	0	0	0	0	0	0	0	0	0	0	0	0	0	3114442.406	0	2606402.766	0	0	0	0	1204016.834	0	4762219.114	0	0	0	0	0	0	0	0	0	0	0	0	0	0	0	0	0	0	0	0	0	0	0	0	0	0	0	4847539.743	6259389.41	0	0	0	0	0	0	0	911817.221	0	0	0	0	0	5906409.302	0	0	0	0	0	0
11.8472727272727	0	0	0	0	1214328.453	0	1692229.667	0	0	0	0	16463308.481	0	0	0	0	0	0	0	0	0	0	0	0	0	0	0	0	0	1499091.539	0	0	0	0	0	0	0	4311918.561	3250602.684	0	0	3613288.405	0	0	0	7409115.635	0	0	0	0	0	0	17479635.019	0	0	0	0	0	0	0	0	0	0	0	0	0	0	0	0	0	0	0	0	7368266.827	12293462.813	0	0	0	0	0	0	0
11.955	0	0	0	0	0	0	0	0	0	0	0	0	0	0	0	0	0	0	0	0	0	0	0	0	0	0	0	0	0	0	0	0	0	0	0	0	0	0	0	0	0	0	0	0	0	0	0	0	0	0	0	0	0	0	0	0	0	0	0	1185931.229	0	0	0	0	0	0	988809.869	0	0	0	0	0	0	0	0	0	0	0	0	0	0	0
12.3973333333333	0	0	0	0	0	0	0	9743618.948	4969769.302	0	0	6026667.247	6666146.911	0	0	0	0	3690220.302	0	0	0	0	0	0	0	0	0	0	0	0	0	0	0	2341869.681	0	2696707.907	0	0	0	0	0	0	0	0	0	7622159.033	0	0	2826696.071	0	0	0	11836397.851	3834474.455	0	0	0	0	4593365.157	0	0	0	14846905.462	0	0	0	0	0	0	0	0	0	0	4816907.826	0	0	2930227.629	0	0	0	0	0
12.455	0	0	0	0	0	0	0	0	0	0	0	0	0	0	0	0	0	0	0	0	0	0	0	0	0	0	0	0	0	0	0	0	4995410.984	0	0	0	0	0	0	0	0	0	0	0	0	0	0	0	0	0	0	0	0	0	0	0	0	0	0	0	0	0	0	0	0	0	0	0	0	0	0	0	0	2964618.452	0	0	0	0	0	0	0	0
12.6674074074074	0	0	0	0	0	0	0	3826032.968	2736089.08	0	0	7061733.718	4665106.958	0	0	0	0	2512374.265	0	0	3491482.292	0	3545336.971	0	0	0	0	0	0	1499324.047	0	0	9396674.97	4099705.413	0	0	0	1747958.072	0	0	0	0	0	0	2018983.666	6698778.488	0	0	0	0	0	3534151.532	5288549.899	2435334.824	0	0	0	0	0	0	2041641.39	2144899.095	10131299.073	2082510.872	1343812.24	2730462.996	3010731.544	3669085.086	0	0	0	0	0	14572631.702	3462703.389	1304872.151	0	0	0	0	0	0
12.7288235294118	0	0	0	0	0	0	0	0	2458456.861	0	0	0	1501155.964	0	0	0	0	1717827.847	0	0	2169553.449	0	0	0	0	0	0	0	0	0	0	0	2057858.523	1637625.781	0	0	0	0	0	0	0	0	3414251.388	0	0	5166594.128	0	0	0	0	0	0	4851301.563	0	0	0	0	0	0	0	0	2916505.541	3966722.817	1061716.362	911778.662	0	0	5076909.122	0	0	0	1242873.439	0	0	3796685.252	1194347.281	0	0	0	0	0	0
12.7916666666667	0	0	0	0	0	0	0	4336467.386	2429313.007	0	0	4456209.976	2449631.421	0	0	0	0	0	0	0	2451194.039	0	0	0	0	0	0	0	0	0	0	0	4079026.08	2409223.031	0	0	0	0	0	0	0	0	0	0	0	4553783.278	0	0	0	0	0	0	5478623.099	0	0	0	0	0	0	0	0	0	6076142.766	0	0	0	0	0	0	0	0	0	0	3522571.277	1727793.239	0	0	0	0	0	0	0
13.12375	0	0	0	0	0	0	0	0	0	0	0	0	0	0	0	0	0	0	897126.985	0	4713316.563	0	0	0	0	997699.056	0	0	1041070.972	0	0	0	3566332.137	0	0	0	784718.358	0	0	0	1246614.594	0	1799304.227	0	0	0	0	0	0	0	0	0	0	0	0	0	0	0	0	0	0	1185313.617	0	1165327.582	0	2862686.424	0	1429038.234	0	0	0	1659140.349	2010966.395	0	0	3134389.699	0	0	0	0	0	1163878.695
13.1813333333333	0	0	0	0	0	0	0	0	4818068.889	0	0	7377089.87	0	0	0	0	0	0	0	0	0	0	0	0	0	0	0	0	0	0	2743144.439	0	0	3650801.895	0	0	0	0	0	0	2416507.02	0	2343553.706	0	0	2514192.941	0	0	0	0	0	0	11808493.519	0	0	0	0	0	0	0	0	0	0	0	0	0	0	1580045.165	0	3654957.698	0	2803147.744	0	4065804.108	6173784.346	0	0	0	935062.638	0	0	1282644.413
13.24	0	0	0	0	0	0	0	0	0	0	0	0	0	0	0	0	0	0	0	0	0	0	0	0	0	1283310.927	0	0	0	0	0	0	0	2282384.041	0	0	0	0	0	0	0	0	0	0	0	0	0	0	0	0	0	0	0	0	0	0	0	0	0	0	0	0	0	0	0	0	0	0	0	0	0	0	0	0	0	0	0	0	0	0	0	0
13.261724137931	0	0	0	0	0	0	0	0	1957538.741	0	0	3862515.466	4010159.699	1655676.54	0	0	0	0	0	0	4443815.131	0	0	1649482.215	0	0	1452891.133	0	0	0	1398973.211	0	3219869.982	0	0	0	0	0	0	0	2422262.955	1818685.003	3005653.507	0	0	5883043.113	0	0	2889056.55	0	0	0	0	0	0	0	0	0	0	0	1291528.602	3601630.682	10704506.655	2136088.283	2173836.145	2397316.225	1383510.157	3874454.733	0	0	0	2654109.455	1336943.571	3185368.559	3212368.789	2778482.601	0	0	0	1887395.966	0	2272224.192
13.3566666666667	0	0	0	0	0	0	0	0	0	0	0	6255837.164	0	0	0	0	0	0	0	0	0	0	0	0	0	0	0	0	0	0	0	0	0	0	0	0	0	0	0	0	4212567.139	0	0	0	0	0	0	0	0	0	0	0	0	0	0	0	0	0	0	0	0	0	0	0	0	0	0	0	0	0	0	0	0	0	0	0	0	0	0	0	0	2429138.222
13.388	0	0	0	0	0	0	0	0	0	0	0	0	0	0	0	0	0	0	0	0	0	0	0	0	0	0	0	0	0	0	0	0	0	0	0	0	0	0	0	0	0	0	2098615.349	0	0	0	0	0	0	0	0	0	6107476.437	0	0	0	0	0	0	0	0	0	0	0	0	2478859.48	0	1693558.482	0	0	0	0	0	0	0	2421185.803	0	0	0	0	0	0
13.7290677966102	1777434.732	1853137.269	0	0	0	0	1359278.078	8170735.611	0	818394.731	2325329.757	0	4967854.577	3158584.614	2822379.714	1324676.801	1580411.682	7039830.793	0	829127.978	3752014.444	1811120.982	3134652.521	0	1429813.531	2051794.262	0	0	2225425.994	2927974.181	3350265.48	1753216.893	8222782.443	3331037.732	1942592.108	3490605.499	2085605.817	0	0	0	3762619.487	3229763.455	5419912.907	0	2186220.731	12780946.088	0	0	3949024.375	0	0	3027165.18	5422664.882	2566735.957	1184764.215	1119035.885	1665668.689	0	3354792.559	0	1153310.32	2679409.214	8012910.049	2976553.007	3173901.802	5275231.946	1875464.409	7250265.26	1946829.769	0	1685825.582	8725657.296	6476446.438	8142001.779	3744485.371	7119400.821	5015735.419	1536945.48	4941919.125	0	0	1153247.103
13.797380952381	0	0	0	0	0	0	3448748.867	7713154.127	0	0	0	3003634.193	20620145.556	0	0	1832297.779	0	2525165.579	0	0	4622540.695	0	11155555.295	0	10684294.544	0	0	0	5220077.027	6254979.208	4863935.222	0	0	5749045.689	16592202.75	7109883.909	0	2427300.081	0	0	4884733.146	1559860.25	4657846.96	0	14524756.34	8146507.93	0	3132337.049	0	0	0	14987963.85	3116151.698	2070309.795	2578817.862	0	4775212.119	0	0	0	0	2442388.929	9212044.868	3446955.166	1962675.387	0	2521097.61	6136553.388	5224226.722	0	2053505.566	2216840.119	0	1573250.055	5177837.667	12086046.238	0	0	3759640.566	1526163.545	0	3551779.519
13.8641666666667	1175943.294	0	0	0	0	0	0	0	3595397.652	0	0	5743980.463	0	0	0	0	0	1817225.014	0	1697816.74	3409691.084	0	0	3668599.668	2964057.853	0	0	0	2654622.675	2043308.277	0	0	7338109.639	21736553.01	0	0	0	0	0	0	0	0	0	0	0	4084086.771	0	0	0	0	0	0	3359647.051	0	0	0	2004957.342	0	0	0	3419497.103	3467672.876	4678128.92	0	0	0	1642477.32	3146965.641	0	3737665.674	0	0	0	4680664.072	3941386.364	0	0	0	0	2345248.586	0	0
14.0566666666667	0	1570171.903	0	0	0	0	0	0	2783084.933	0	0	6062476.213	1743450.801	0	0	0	1434943.61	6107965.218	0	2402178.284	2866855.43	0	0	6633343.74	0	0	2113128.736	0	0	0	0	0	9042949.52	10504113.299	0	0	0	0	0	0	0	0	0	0	0	4971545.001	0	0	0	0	0	0	11553421.935	0	0	0	0	1627284.592	2645075.309	0	1246400.192	0	1944227.141	0	0	0	4701469.082	3189661.261	0	0	0	0	1673713.935	5018334.695	15533703.524	1212732.587	0	0	0	0	0	0
14.25	0	0	0	0	0	0	0	0	0	0	0	0	0	0	0	0	0	0	0	0	0	0	0	0	0	0	0	0	0	0	0	0	0	7462095.072	0	0	0	0	0	0	0	0	0	0	0	0	0	0	0	0	0	0	0	0	0	0	0	0	0	0	0	0	0	0	0	0	0	0	0	0	0	0	0	2623370.115	4383559.112	0	0	0	0	0	0	0
14.2983333333333	0	0	0	0	0	0	0	0	0	0	0	0	1970609.651	0	0	0	0	1986255	0	0	0	1246881.637	0	0	0	0	0	0	0	0	0	0	0	4349113	0	1731374.231	0	1317989.134	0	0	0	0	0	0	0	3821275.221	0	0	1944329.179	0	0	0	0	0	0	0	0	0	1606114.697	0	0	0	0	0	0	0	0	0	0	0	0	0	0	3001932.027	5290262.748	0	1069064.312	0	0	0	0	0
14.37	0	0	0	0	0	0	0	0	0	0	0	0	1736497.905	0	0	0	0	1749279.584	0	0	0	0	0	0	0	0	0	0	0	0	0	0	0	0	0	0	0	1138817.015	0	0	0	0	0	0	0	0	0	0	0	0	0	0	0	0	0	0	0	0	0	0	0	0	0	0	0	0	0	0	0	0	0	0	0	0	0	0	0	0	0	0	0	0
14.5246153846154	0	0	0	0	0	0	0	1378045.835	3246819.567	0	0	6174093.688	2815190.685	0	0	0	0	1677773.145	0	0	0	0	0	0	0	0	0	0	0	0	0	0	0	0	0	879190.387	0	1886398.764	0	0	0	0	0	0	0	2164080.771	0	0	0	0	0	0	5540822.636	0	0	0	0	0	1570813.048	0	0	0	2476478.377	0	0	0	0	0	0	0	0	0	0	3943884.733	4939934.528	0	0	0	0	0	0	0
14.5888888888889	0	0	0	0	0	0	0	0	1296043.068	0	0	2551041.505	0	0	0	0	1778242.808	0	0	0	0	0	0	0	0	0	0	1938602.788	0	0	0	0	0	0	0	0	0	0	0	0	0	0	0	0	0	1942527.441	0	0	0	0	0	0	0	0	0	1086581.159	0	0	0	0	0	0	3339675.983	0	2578888.762	0	0	6868631.699	0	0	0	0	0	0	0	0	0	0	0	0	0	0
14.6440909090909	0	0	0	0	0	0	0	0	2933314.781	0	924795.828	5603783.055	0	0	0	0	0	0	0	0	0	0	0	0	0	0	1043255.478	0	0	0	0	0	0	2620988.543	0	0	0	0	0	0	0	0	0	0	0	2378396.5	0	0	0	0	0	0	7003483.405	0	0	0	0	0	0	0	0	778613.155	0	0	0	0	0	0	0	0	0	0	0	2296987.436	3319630.421	0	0	0	0	0	0	1548490.265
14.6988	2228691.157	1915874.612	0	0	1864896.414	0	1960287.073	10534638.988	0	0	2438711.035	0	0	2014564.805	2434015.713	1516561.878	1710240.146	0	0	2079486.702	7475967.259	7901710.965	2954482.893	0	4043464.267	2736957.981	3199824.088	0	2045858.368	2728816.231	2950508.704	1331029.072	10476367.396	0	1836536.454	0	1640641.377	0	1600894.584	0	2166267.469	2103896.498	3049169.211	0	1316989.914	24828930.728	1252537.446	0	0	0	0	2841449.554	0	3165617.631	2111364.336	1660092.177	1826222.997	0	0	0	2705201.668	4306328.352	16959156.588	3607146.444	2705167.855	0	4109927.434	12397243.624	0	0	1587426.616	3309362.3	2408562.428	34028370.07	0	2333824.954	6485182.038	0	3416772.056	0	0	0
15.11	0	0	0	0	0	0	0	3641582.267	0	0	0	0	0	0	0	0	0	0	0	0	3327935.666	0	0	0	0	0	2011590.812	0	0	0	0	0	0	0	0	2243427.276	0	0	0	0	0	0	1537961.194	0	0	7038972.292	0	0	0	0	0	0	0	1820705.113	0	0	0	0	0	0	1217168.124	2442963.982	8418959.849	1358734.62	0	0	1037312.041	4953867.037	0	0	0	0	0	0	0	0	0	0	0	0	0	0
15.2082352941176	0	0	0	0	0	0	1375659.71	0	0	0	0	0	0	0	0	0	0	0	0	1589305.742	5676178.558	0	1305573.756	4226802.646	0	2742432.491	3183085.704	0	0	0	0	0	3107315.611	0	0	0	0	0	0	0	0	0	2144940.415	0	0	0	0	0	0	0	0	1179054.833	0	0	0	0	0	0	0	0	2582443.915	5714250.366	0	4005492.254	2106757.478	0	2089490.407	10965965.69	0	0	0	0	0	0	0	0	0	0	1133036.493	0	0	0
15.2425	0	0	0	0	0	0	0	0	2618698.036	0	0	2251090.768	0	0	0	0	0	0	0	0	0	0	0	0	0	0	0	0	0	0	0	0	0	0	0	0	0	0	0	0	0	0	0	0	0	0	0	0	0	0	0	0	0	0	0	0	0	0	0	0	0	0	0	0	0	0	0	0	0	0	0	0	0	1632725.467	2406435.086	0	0	0	0	0	0	0
15.3033333333333	0	0	0	0	0	0	0	0	1304011.714	0	0	1825367.518	0	0	0	0	0	0	0	0	0	0	0	0	0	0	0	0	0	0	0	0	1780889.459	5017124.074	0	0	0	0	0	0	0	0	0	0	0	0	0	0	0	0	0	0	3013299.564	0	0	0	0	0	0	0	0	0	0	0	0	0	4267776.823	2029003.698	0	0	0	0	0	3158587.88	4837421.215	0	0	0	0	0	0	0
15.375625	0	0	0	0	0	0	0	0	0	0	0	0	2103414.441	0	0	0	0	0	0	0	3108311.135	1393014.411	0	2163173.988	0	1492766.738	1889480.465	0	0	0	0	0	0	0	0	0	0	0	0	0	0	0	1762667.161	0	0	3209254.404	0	0	0	0	0	0	2229619.794	0	0	0	0	0	0	0	0	2308514.149	9774653.939	1806593.383	1211761.091	0	1709447.129	4950576.919	0	0	0	0	0	3134874.883	0	0	0	0	0	0	0	0
15.4576923076923	10764248.076	21848257.395	4821167.545	0	13550422.69	15267773.215	13152695.299	42002444.86	4490838.497	13810339.214	25478253.356	28601479.084	55801234.722	21879508.321	3005941.691	1345005.668	1564939.122	2967315.583	2029020.533	23077542.462	81367556.306	41758676.273	21274001.8	67017884.525	2651630.681	31303573.342	41528098.028	767940.22	2071492.413	1930953.911	1449622.605	1347309.228	38289503.665	12337206.23	978921.523	1947483.774	1288390.739	5780293.94	7289143.102	4972202.325	2034729.152	19262257.439	53768372.901	4137667.403	0	77155603.29	12602853.711	7494929.413	29445128.101	0	4543864.494	32841731.44	62211412.849	23955406.989	10900913.032	0	8836300.725	5592662.029	5845350.714	2686708.008	35513699.613	49580762.952	135771080.981	40413554.834	31211698.939	3648649.764	37993401.711	114781582.06	1301663.014	1660973.058	12775421.685	2443460.208	1529312.434	25553908.966	3627463.095	2343290.343	1507751.714	928743.399	17028471.315	23650863.45	4234957.418	6743669.308
15.538	0	0	0	0	6888263.641	0	0	0	0	0	0	38069179.183	0	0	0	0	0	0	1853336.226	7877083.932	20500124.496	0	7194031.342	0	0	0	12674464.392	0	0	2734295.992	0	2260220.979	0	29761634.411	0	8074549.939	0	7155764.384	5054902.033	0	0	0	0	942880.094	0	35113144.406	0	0	15402638.458	2003129.747	1455623.984	0	46590456.414	11887825.929	5664923.008	0	0	0	10423089.384	0	0	0	0	0	0	0	0	16740338.493	0	0	0	0	0	23249400.271	21783407.416	0	0	0	0	0	0	0
15.6227272727273	0	0	0	0	2220767.828	0	0	0	0	0	0	90007131.1	0	0	0	0	0	0	0	0	0	0	0	0	0	0	0	0	0	0	0	0	0	62867295.901	0	31937942.914	0	24575249.794	0	0	0	0	0	0	0	76427822.369	0	0	32049174.604	0	0	0	99534954.397	0	0	0	0	0	31961219.343	0	0	0	0	0	0	0	0	0	0	0	0	0	0	52101825.057	62939362.552	0	0	0	0	0	0	0
15.695	0	0	0	0	0	0	0	0	0	0	0	3502893.383	0	0	0	0	0	0	0	0	0	0	0	2851238.03	0	0	0	0	13276392.49	0	0	0	1299936.378	35530796.822	0	0	0	0	0	0	1459234.427	0	0	0	0	0	0	0	0	0	0	0	2680923.186	0	0	0	0	0	0	0	0	0	0	0	0	0	0	1282640.284	0	0	0	0	0	2393711.224	3350752.634	0	0	0	0	0	0	0
15.7421917808219	1258832.545	2381015.053	1903339.721	0	1610673.073	0	2829676.67	5294971.179	3785186.029	1320504.384	2496839.712	8164053.242	21944846.814	1319871.079	1565148.146	3644653.978	1098683.775	4335318.21	0	1712025.937	5265853.321	3245232.445	11304102.267	4232047.061	6930423.84	1816973.382	2160073.6	0	4725697.69	6810898.842	4367258.173	1030925.721	4301512.687	17486448.563	12636223.402	6058277.029	1107338.095	13932026.501	1122000.476	931619.119	5052380.477	2494704.589	5526834.047	0	23131284.961	7142664.335	1448073.665	3958655.114	2558244.943	0	1558837.2	52621665.829	9675329.584	2689000.339	2085831.327	0	9498839.625	1939801.217	2399218.083	2041615.702	2240591.449	4563267.789	7517463.725	2973884.554	2100214.699	1308645.225	1997790.645	7391478.834	4146240.206	1341586.59	1991041.406	2337669.046	1461400.752	6319094.748	11124502.57	7106239.233	1761361.671	0	3503737.675	1723663.071	0	2072994.331
15.8255555555556	0	0	0	0	0	0	0	0	0	0	0	2922497.546	1442925.82	0	0	0	0	0	0	0	1227428.879	0	0	0	0	0	0	0	0	0	0	0	0	1554173.311	0	0	0	0	0	0	0	0	0	0	0	3136611.006	0	0	0	0	0	0	2825169.912	0	0	0	0	0	0	0	0	0	3165814.134	0	0	0	0	1809229.122	0	0	0	0	0	0	2178257.32	0	0	0	0	0	0	0
15.865	0	0	0	0	0	0	0	0	0	0	0	0	0	0	0	0	0	0	0	0	1356851.104	0	0	0	0	0	0	0	2851273.08	0	0	0	0	0	0	0	0	0	0	0	0	0	0	0	0	0	0	0	0	0	0	0	0	0	0	0	0	0	0	0	0	0	1866929.974	0	0	0	0	2074331.316	0	0	0	0	0	0	0	0	0	0	0	0	0	0
16.1575	0	0	0	0	0	0	0	0	0	0	0	0	0	0	0	0	0	1937377.984	0	0	0	0	0	0	0	0	0	0	0	0	0	0	2642498.742	0	0	0	0	0	0	0	1245281.945	0	0	0	0	0	0	0	0	0	0	0	0	0	0	0	0	0	0	0	0	0	0	0	0	0	0	0	0	0	0	0	0	1634774.939	0	0	0	0	0	0	0	0
16.2071428571429	0	0	0	0	0	0	0	0	0	0	0	0	0	0	0	0	0	0	0	0	2199472.978	0	0	1862706.751	0	0	0	0	0	0	0	0	5306697.112	0	0	0	0	0	0	0	0	0	0	0	0	3338748.414	0	0	0	0	0	0	0	0	0	0	0	0	0	0	0	0	4370791.131	0	0	0	0	3639797.239	0	0	0	0	0	5832092.335	0	0	0	0	0	0	0	0
16.2865	0	0	0	0	1080669.023	0	1109470.386	6748654.419	5163433.671	0	0	12475228.758	8004127.898	1002086.477	0	0	0	4004803.16	0	2047459.282	7291797.364	5762738.23	2315793.972	5742397.382	0	2354203.378	3201743.269	0	0	0	0	0	7239598.606	5870921.5	0	2399978.265	0	2588927.919	0	0	0	1095945.195	4110345.046	0	0	12533759.804	0	0	4549582.834	0	0	3672592.078	12128000.179	3530733.704	1152883.581	0	1187882.714	0	3510015.061	0	2223457.695	7571399.109	16624370.155	3063292.333	2689830.78	0	2522171.602	10639530.667	0	0	0	0	0	6353348.186	6115623.148	0	1696418.873	0	1996709.73	0	0	0
16.3974358974359	4779640.39	6985301.974	3660659.595	0	7849958.596	6326411.821	5917166.693	0	0	3980998.124	7791250.415	0	0	6886334.174	0	0	0	0	0	9294911.683	21970629.07	0	10791247.599	33803287.117	0	18719699.643	24909222.578	0	0	0	0	0	20846724.734	0	0	0	0	0	3930098.288	3120295.07	0	3584600.299	14470935.271	1749089.023	0	0	5785677.703	5796736.981	0	0	3487556.729	8806202.09	0	0	4176744.065	0	2362508.166	2051288.841	0	0	9702149.323	15995604.74	0	17184870.224	12026740.484	0	12918927.078	42182949.136	0	0	2492971.15	0	0	0	0	0	0	0	4927227.207	3917912.711	1468815.399	1548481.379
16.43	0	0	0	0	0	0	0	0	0	0	0	0	0	0	0	0	0	0	0	0	0	0	0	0	0	0	0	0	0	0	0	0	0	0	0	2124513.657	0	0	0	0	0	0	0	0	0	0	0	0	0	0	0	0	0	0	0	0	0	0	0	0	0	0	0	0	0	0	0	0	0	0	0	0	0	0	0	0	1980124.186	0	0	0	0	0
16.7157142857143	0	0	0	0	0	0	0	0	0	0	0	0	0	0	0	0	0	0	0	1720957.487	4849969.058	0	2689195.119	5761890.568	0	0	2079542.87	0	0	0	0	0	0	0	0	0	0	0	0	0	14530046.401	0	3190411.462	0	0	0	0	0	0	0	0	0	0	0	0	0	0	0	0	0	0	3191776.973	0	3038145.824	0	2041601.464	2759035.3	6765240.789	0	0	0	0	0	0	0	0	0	0	2551575.701	0	0	2476256.733
16.8514285714286	0	0	0	0	0	0	0	0	0	0	0	0	0	0	0	0	0	0	0	0	0	0	0	2800190.598	0	978416.979	1758138.17	0	0	0	0	0	0	0	0	0	0	0	0	0	0	0	1140872.774	0	0	0	0	0	0	0	0	0	0	0	0	0	0	0	0	0	0	1633005.85	0	1180246.034	0	0	1239343.311	0	0	0	0	0	0	0	0	0	0	0	0	0	0	0
16.9747058823529	0	0	0	0	0	0	0	2087936.306	0	0	0	0	0	0	0	0	0	0	0	1170438.59	3310799.977	0	0	3077467.559	0	1269776.843	2239890.072	0	0	0	0	0	2298480.026	0	0	0	0	0	0	0	0	0	1673542.558	0	0	0	0	0	1301166	0	0	0	0	1214946.319	0	0	0	0	1304478.019	0	0	2303118.758	0	1465415.374	1686603.54	0	1763402.336	5391743.628	0	0	0	0	0	0	0	0	0	0	1344991.241	0	0	0
17.325	0	0	0	0	0	0	0	0	0	0	0	22473999.631	0	0	0	0	0	0	0	1193911.394	1884072.153	0	0	0	0	0	1682989.415	0	0	2952153.549	0	1503851.64	0	0	0	7508308.978	0	1404326.802	0	0	0	0	0	0	0	15462254.947	0	0	4898071.34	0	0	0	31444339.335	5782362.492	0	0	0	0	6583993.015	0	0	0	0	0	0	0	1505587.956	4351668.211	0	0	0	1987875.983	2522774.002	219678417.549	34085990.276	0	0	0	0	0	0	820425.717
17.4094262295082	0	2221555.071	2574386.871	0	2426258.802	0	2127153.124	11736675.216	8612602.67	0	8599421.443	32143605.399	0	1880325.583	1194060.417	3628865.05	0	0	0	2994586.84	5126289.51	11911704.235	13145785.991	8711055.124	4608826.567	3162578.401	4504956.906	0	3641594.342	5950000.19	3940245.241	1143747.491	5123448.139	27679580.889	7816613.249	7959861.597	0	22475583.392	0	0	3402827.725	2115443.933	4347496.928	0	18295395.369	17119028.512	0	3262419.665	5872033.558	0	2330151.813	65620153.348	28489137.933	7270683.098	0	0	13107086.838	1742053.298	5641894.372	4339907.777	2721639.402	4485208.286	18011801.784	3591914.793	3010714.057	1430736.206	3360688.217	10340140.783	3178597.488	0	1763432.958	3681939.139	2748254.014	0	23445814.41	7766541.933	5517965.121	0	2410691.981	0	2154688.218	1558297.999
17.5133333333333	0	0	0	0	0	0	0	0	0	0	4474596.052	0	0	0	0	0	0	0	0	0	0	0	0	0	0	0	0	0	1523294.133	0	0	0	0	0	0	0	0	0	0	0	0	0	976624.344	0	0	0	0	0	0	0	0	0	0	0	0	0	0	0	0	0	0	0	0	0	0	0	0	0	0	0	0	0	0	0	0	0	0	0	0	0	0	0
17.6253333333333	0	1730812.756	0	0	2753689.008	1398181.458	1704486.607	0	0	0	2600220.099	0	0	1884619.28	0	0	0	0	0	2392411.797	5652186.872	0	2445622.919	0	0	0	5035157.88	0	180639510.181	0	0	0	0	0	0	6069882.826	0	3538327.812	1252774.041	0	0	1033115.324	0	0	0	22107107.912	0	0	8017017.905	0	0	3010396.882	18825755.405	7863466.473	1259859.918	0	0	0	5051281.615	0	2130214.857	0	29418425.849	4088340.144	3060499.2	0	4822425.935	11302724.382	0	0	0	0	0	0	31250726.025	0	0	0	0	1500677.04	0	0
17.8185714285714	1161772.21	0	0	0	2597468.993	0	1190820.438	0	0	0	0	0	0	1603441.223	0	0	0	0	0	0	0	0	0	0	0	0	0	0	0	0	0	0	0	0	0	0	0	0	0	0	0	0	0	0	0	0	0	0	2050076.474	0	0	0	0	0	0	0	0	1492132.121	0	0	0	0	0	0	0	0	0	0	0	0	0	0	0	0	0	0	0	0	2074174.975	0	0	0
17.9564705882353	0	0	0	0	1646193.246	0	0	0	0	0	1883416.2	0	0	1522131.049	0	0	0	0	0	1837365.632	2735673.367	0	1661909.034	4937053.461	0	3086033.483	3488926.018	0	0	0	0	0	0	0	0	0	0	0	0	0	0	0	2971662.65	0	0	0	0	0	0	0	0	2353222.934	0	0	0	0	0	0	0	0	2119387.881	2573309.102	0	3249026.4	2984336.39	0	2112944.735	9160290.663	0	0	0	0	0	0	0	0	0	0	0	0	0	0
18.2241176470588	0	1374476.175	0	0	0	0	0	6774287.74	0	0	964076.751	0	5345605.744	0	2374673.075	0	0	0	0	0	1553751.674	6045558.614	0	7439086.005	2482849.944	0	1800753.624	0	13682320.578	1986507.007	1750942.442	0	0	28305672.733	0	6361575.339	0	0	0	0	0	1005358.105	0	0	0	0	0	0	4394251.129	0	0	0	10972336.671	3925738.619	0	0	1098600.095	0	5862443.056	0	1451191.636	1503820.226	6598389.756	1311183.915	0	1292887.532	1376253.412	5816145.838	0	1230693.991	0	0	2219033.147	21384771.791	15660113.147	1643117.148	0	0	2171483.425	0	0	0
18.295	0	0	0	0	0	0	0	0	0	0	0	39995731.511	0	0	0	0	0	0	0	0	0	0	0	0	0	0	0	0	0	0	0	0	0	0	0	19896122.025	0	9415985.638	0	0	0	0	0	0	0	47113402.405	0	0	0	0	0	0	36190311.64	0	0	0	0	0	20131012.206	0	0	0	0	0	0	0	0	0	0	0	0	0	0	22038958.292	27875027.173	0	0	0	0	0	0	0
18.7188461538462	0	0	0	0	0	0	0	4913977.709	3486451.659	0	0	8637298.27	3276387.562	0	1121241.514	1086248.604	1798997.989	0	0	0	1408677.747	6210137.13	0	0	2637652.537	0	0	0	5860623.652	1763905.502	0	0	0	0	0	4006977.353	0	948622.524	0	0	2990633.534	0	1153001.695	0	0	7088239.9	0	0	3730809.208	0	0	0	0	4329243.77	0	0	1582031.922	0	0	0	2190996.431	0	7615381.205	0	0	2534903.727	0	0	0	1760353.365	0	0	0	5077305.091	0	0	2572712.749	0	0	0	0	0
18.844	0	0	0	0	0	0	0	0	0	0	0	0	0	0	3315870.292	0	4691772.874	0	0	0	0	0	0	0	0	0	0	0	0	0	0	0	0	0	0	0	0	0	0	0	4352399.074	0	0	0	0	0	0	0	19475680.193	0	0	0	0	0	0	0	0	0	0	0	0	0	0	0	0	0	0	0	0	0	2678321.045	0	0	0	0	0	0	0	0	0	0	0
19.0516666666667	0	0	0	0	1584994.489	0	0	0	0	0	0	0	0	0	0	0	0	0	0	0	1816395.356	0	0	5454757.96	0	1976991.136	3480151.357	0	0	1571923.646	0	0	28780468.235	8894267.355	0	0	0	0	0	0	0	0	2168065.952	0	0	0	1663416.465	0	0	0	0	1739266.237	0	3348337.703	0	0	0	0	0	0	0	1663556.956	0	1745879.971	1892338.728	0	3029414.906	8111614.588	0	0	0	0	0	57001779.083	0	0	0	0	0	0	0	0
19.14	0	0	0	0	0	0	0	0	0	0	0	0	0	0	0	0	0	1650330.712	0	0	0	1878475.458	0	0	0	2150266.249	3737625.241	0	0	0	0	0	0	2121391.505	0	0	0	0	0	0	0	0	0	0	0	2972589.212	0	0	0	0	0	0	0	0	0	0	0	0	0	0	0	0	2878406.033	0	0	0	0	0	0	0	0	0	0	0	2818077.66	0	0	0	0	0	0	0
19.2089189189189	0	0	0	0	1997121.006	0	0	15524922.153	6290831.017	0	1448589.407	8957180.439	11582027.658	0	0	0	0	4628376.501	0	3251417.618	4347595.758	10317796.668	1907045.239	13896309.802	1457456.841	3534007.462	5112715.566	0	1079578.732	0	0	0	25797418.979	7412737.977	0	1905385.547	0	1467928.102	0	0	6168055.115	0	4586349.001	0	0	15708598.918	0	0	6590041.856	0	0	3093990.823	18739605.677	6640770.756	0	0	0	0	4135827.786	0	1310430.388	3441309.789	19478236.503	4239965.117	4515607.102	0	3730998.084	22145278.512	0	0	0	0	0	0	9180522.281	0	1843943.462	0	0	0	0	0
19.5253846153846	0	0	0	5478186.796	0	0	4088466.761	0	0	0	0	0	0	0	15807929.204	18306898.55	33019793.214	105457744.204	7061997.929	0	0	0	3469538.406	0	31784183.089	6167529.906	0	5418998.91	30529259.204	28869337.388	4609845.089	8007227.811	42788764.492	0	0	0	8633661.247	0	0	3821515.798	14425492.118	0	0	0	8673040.321	0	0	0	0	0	0	5580075.366	0	0	3566543.321	6028235.614	15551595.999	17470540.684	59066245.788	5216791.154	10535428.376	0	0	6067662.316	0	35386829.301	0	0	3637903.745	18923487.502	13964463.975	8893183.968	7917960.389	0	0	9523792.736	0	10188905.381	0	5185501.78	0	8919050.766
19.5733333333333	0	0	0	0	0	0	0	0	0	0	741823.772	0	0	0	0	0	0	0	0	0	0	0	0	0	0	0	0	0	0	0	0	0	0	0	0	0	0	0	0	0	0	0	0	0	0	0	0	0	0	0	0	751037.17	0	0	0	0	0	0	0	0	0	0	0	0	0	0	0	0	0	0	0	0	0	0	0	0	0	0	580881.94	0	0	0
19.6197619047619	2948792.617	4085805.707	0	0	0	0	0	0	0	0	1771774.548	0	0	0	3079150.756	4274494.828	5263520.463	22668897.577	0	4236751.821	3438978.558	0	0	20649243.792	8276098.596	1347365.98	8180874.368	0	5218989.662	5861505.514	2309224.798	0	19126832.794	0	0	0	2894598.719	0	0	0	5435206.101	0	2443547.155	0	0	0	0	0	0	1564228.083	0	2095951.386	17019907.656	0	0	0	4074138.63	6417941.631	14541429.701	0	2426432.345	2807280.844	0	1658426.145	1518737.87	5452939.293	3572198.036	24684122.879	0	2535870.372	2570396.66	2596179.862	4255996.653	0	62576767.01	0	8615518.484	2294339.443	2076412.755	0	0	1808731.386
19.6651428571429	2671273.52	3059345.278	0	0	3940290.453	1586119.389	2918260.175	13742274.604	0	0	2355666.469	13523633.656	9854465.662	3040773.795	0	0	0	0	0	3122625.222	4174878.44	9228842.201	3376867.298	15086591.443	0	3697733.781	6407167.527	0	0	0	0	0	0	0	0	0	0	2478376.628	0	0	0	0	3239605.171	0	0	15216457.527	4327725.415	1764993.766	5630860.092	0	0	2295707.399	16200258.54	5491197.737	0	0	0	0	0	0	2225399.599	2650211.481	20592771.872	2826677.536	2985415.966	0	3620931.489	19327149.198	0	0	1228539.001	0	0	0	0	0	0	0	2043988.225	0	0	0
19.7226829268293	7388287.326	12798729.724	3542441.946	46892518.315	14297628.669	7054248.21	7533974.435	39158501.418	45178418.857	5695885.327	9563390.076	33199550.505	37538724.042	8528095.369	120733199.164	129437146.491	239938337.114	600354376.033	17348594.918	10497403.594	15176792.983	36818307.87	8127188.63	44183894.713	234439132.395	20385561.93	24393341.804	25408701.45	232683830.379	213325173.891	9319270.309	11439938.852	98370181.134	63861876.615	4488040.003	49833591.475	43464981.994	5719019.858	9994971.613	7846311.315	76986666.75	4062275.719	15469683.01	3977870.476	42755072.208	54359019.416	9104104.202	5716077.384	20075943.546	11012456.22	3176853.09	12478549.326	52764725.782	21894012.889	6312899.753	50638167.541	109841330.605	122295133.074	395986919.135	7813461.241	47086797.847	10966231.672	72081150.411	13816104.986	11165881.148	301141313.465	18272785.306	62288378.917	19995729.543	173812793.79	95569898.141	30204612.077	13671309.394	186449028.964	67926207.374	24946445.014	66437793.538	45112442.54	6548407.075	6148714.648	3493464.336	59596704.921
19.8613793103448	0	2384937.963	0	0	0	0	0	5659272.317	2981052.937	0	0	0	3916962.529	0	0	0	0	22646074.312	0	2061884.238	1473020.06	0	0	10958711.226	0	0	3426799.031	0	0	0	0	0	6840754.103	12698250.492	0	5097379.327	2070391.758	0	0	0	5784740.911	0	1666531.038	0	0	8769535.642	0	0	2648847.663	0	0	0	10990722.248	3841442.959	0	0	4420735.702	5817719.346	0	0	954443.322	1495189.819	0	0	0	0	1748665.845	14848650.652	0	0	0	0	1940326.276	0	19775391.286	0	5484216.065	0	3072006.944	0	0	0
19.9726923076923	0	0	0	0	0	0	0	5946112.554	2240854.752	0	0	5417660.638	5658546.818	0	0	0	0	8923972.979	0	0	0	5463205.829	0	4808263.016	1560378.96	1757403.445	2635494.207	0	8215850.121	3106049.888	0	0	0	6947318.564	0	2843874.129	0	0	0	0	0	0	0	0	0	7896686.049	0	0	2568144.142	0	0	1711451.976	10848546.634	3081328.534	0	0	0	0	8336413.506	0	0	0	9066357.284	0	0	2785583.727	0	5991850.102	0	0	0	0	0	4880516.931	6825202.477	0	2769413.062	0	0	0	0	0
20.025	0	0	0	0	0	0	0	0	0	0	0	0	0	0	0	0	0	0	0	0	0	0	0	0	1109553.49	0	0	0	0	0	0	0	0	0	0	0	0	0	0	0	0	0	0	0	0	0	0	0	0	0	0	0	0	0	0	0	0	0	0	0	0	0	0	0	0	0	0	0	0	0	0	0	0	0	0	0	1313830.19	0	0	0	0	0
20.18	0	0	0	0	0	0	0	0	0	0	0	1619225.733	0	0	0	0	0	0	0	1491808.127	0	0	0	0	0	0	0	0	0	0	0	0	0	0	0	0	0	0	0	0	0	0	0	0	0	0	0	0	0	0	0	0	4773954.041	0	0	0	0	0	0	0	0	0	0	0	0	0	0	0	0	0	0	0	0	8169002.161	0	0	0	0	0	0	0	0
20.2579411764706	0	0	0	0	0	0	0	4740496.41	1497362.472	0	995705.121	3218525.106	10447683.312	0	0	1483132.746	0	3865540.154	0	0	0	2758577.126	2819539.699	2491761.558	1237440.621	0	0	0	0	2733235.978	0	0	3908440.445	9457000.949	1575452.917	2351299.283	0	12332446.899	0	0	0	0	0	0	7841676.276	4358989.172	0	1144156.757	2110566.856	0	0	33965136.045	5311694.005	1492896.552	0	0	4511038.111	0	2743161.697	4861008.524	0	0	4983118.182	0	0	0	0	2792089.648	0	0	0	0	0	7614362.78	9893695.825	6503364.266	0	0	0	0	1762254.782	2223655.515
20.361875	7280807.898	2143275.558	0	0	0	0	0	16618235.094	0	0	0	0	6804560.192	0	0	0	2609681.849	6679691.399	0	1413286.349	0	2980946.488	0	72714212.77	0	0	3515011.097	0	144743265.848	1310755.578	0	0	15434221.744	284724174.245	0	2087332.17	1117657.187	0	0	0	1630489.905	0	0	0	0	16885287.885	0	0	2457928.781	0	0	0	12422183.14	1906062.365	0	0	0	1887187.982	4473068.708	0	0	5577132.216	8277590.99	0	0	0	0	28410752.823	0	68511166.384	0	0	2235596.422	48521306.548	59459101.616	0	4080014.992	1406285.586	0	0	0	0
20.4546666666667	0	0	0	0	0	0	0	0	1045727.105	0	0	1907773.08	1891055.516	0	0	0	3621375.953	9723725.115	0	0	0	0	0	10979632.375	0	0	0	0	42872498.804	0	0	0	0	33724603.778	0	0	1277187.269	0	0	0	0	0	0	0	0	0	0	0	0	0	0	0	4171115.569	0	0	0	0	0	2988216.454	0	0	0	2745084.219	0	0	0	0	0	0	0	0	0	1930726.937	0	16672000.22	0	1371474.476	0	0	0	0	0
20.5108620689655	6138585.324	3627998.631	892004.606	0	3945447.464	1458978.066	2004009.119	32384461.331	0	1705788.067	3504769.792	7848304.655	11126666.271	2455114.798	2301522.351	1651385.296	0	0	0	2989129.741	4379018.402	17475547.874	2170138.589	29986237.264	2459124.055	5916572.094	7950929.123	0	0	4340643.453	2372172.904	1929172.947	16845577.212	8952888.18	0	0	0	1095295.825	1371574.087	0	1589678.744	1842878.385	4302427.938	1264266.41	0	31487143.993	3070264.442	1588298.322	5043849.041	0	795845.823	2927005.436	14793146.173	7043313.372	1340147.646	0	0	3407633.262	1519807.174	0	3793656.942	3289936.124	19240952.439	4627148.386	3224475.908	0	5847647.038	48549523.943	0	0	2185262.773	2953516.221	0	41574127.823	6323599.057	0	4588572.427	0	1960067.937	0	0	1464291.768
20.568	0	1036723.992	0	0	1610112.79	0	0	0	0	0	0	2301424.707	3295402.222	0	0	0	0	0	0	1019382.23	1303010.353	4757028.454	0	0	0	3201499.059	2484215.987	0	0	0	0	0	2223094.664	0	0	0	0	0	0	0	0	0	1290087.757	0	0	4870705.155	0	0	2255458.756	0	0	1358539.234	4167167.266	2113695.492	0	0	0	0	0	0	0	1021370.91	5360643.748	1218587.869	0	0	1587811.662	0	0	0	0	0	0	0	0	0	0	0	0	0	0	0
20.8027027027027	2714387.037	4593943.287	0	0	1436322.091	0	0	17582412.666	2234918.059	0	1090719.708	8832337.518	13429335.654	0	0	0	0	3662897.574	0	1371513.288	5492139.524	16550187.767	2266452.153	11286038.46	0	3868543.107	3842472.929	0	1498561.343	0	0	0	2565010.962	0	0	1948961.156	0	0	0	0	0	0	2064539.421	0	0	18145507.1	1807391.779	0	9729650.392	0	0	1962144.785	18367779.754	9065550.943	0	0	0	0	3661487.191	0	1132059.447	4836487.457	27390325.194	2051078.12	2438142.364	0	6124242.903	13973247.481	0	0	0	0	0	4611728.255	6855341.333	0	2128089.412	0	0	0	0	0
20.8413333333333	0	0	0	0	2651168.565	0	0	0	0	0	1350444.043	0	0	0	0	0	0	1658097.205	0	2532350.065	0	0	0	19691425.304	0	2996771.555	3956108.62	0	0	0	0	0	0	0	0	0	0	2791147.531	0	0	0	0	3519272.405	0	0	0	1233387.035	0	0	0	0	3003453.387	0	0	0	0	0	0	2212375.514	0	0	0	0	1606017.82	0	0	0	12069012.644	0	0	0	0	0	2174197.47	0	0	0	0	0	0	0	0
21.0033333333333	0	0	0	0	0	0	0	0	0	0	0	1393277.149	1884998.609	0	0	0	0	0	0	0	0	0	0	0	0	0	0	0	0	0	0	0	0	0	0	0	0	0	0	0	0	0	0	0	0	0	0	0	0	0	0	0	0	0	0	0	0	0	0	0	0	0	0	0	0	0	0	1508561.639	0	0	0	0	0	0	0	0	0	0	0	0	0	0
21.09	0	0	0	0	0	0	0	27716318.256	0	0	0	0	0	0	0	1471534.153	2332409.873	0	0	0	0	10035590.911	0	0	0	0	0	0	0	0	1092679.74	0	79742837.508	55795431.361	0	0	1137277.8	0	0	0	1397968.454	0	0	0	0	0	0	0	0	0	0	0	0	0	0	0	0	0	0	0	0	0	0	0	0	0	0	0	0	0	0	0	0	0	0	0	14756060.042	0	0	0	0	0
21.1221428571429	5986548.947	0	0	0	0	0	0	0	1992346.081	0	2186817.639	0	8880796.618	0	1566243.165	2431316.427	5179545.496	22169767.798	0	0	0	0	0	45985862.518	2771662.016	4207222.99	0	0	5068042.701	0	1655218.851	2254459.104	0	0	0	2599955.818	1686826.643	0	0	0	3845699.943	0	7863103.395	1492648.793	0	24050202.183	1911521.434	2151126.257	4063854.691	0	1917456.936	2154472.708	0	6744471.395	0	0	0	4892219.619	0	0	2309277.747	4416132.129	17151966.164	1894350.46	0	7281218.127	4674064.299	57062243.754	1367869.087	4184390.056	2194548.865	0	6465543.797	0	72106937.543	3036687.579	0	1264991.716	2171106.981	0	0	0
21.2123809523809	0	0	0	0	0	0	0	4598300.325	4097141.198	0	0	3895805.399	2329218.457	0	0	0	4265085.316	12763673.591	0	0	0	2737372.932	0	0	3088813.02	0	0	0	4009359.564	4129347.759	0	0	0	10913623.311	0	2763673.099	0	0	0	0	0	0	0	0	0	4279676.659	0	0	0	0	0	0	6591555.886	1667434.168	0	0	0	0	4509427.69	0	1938083.617	0	3586630.388	0	0	3059096.825	0	0	0	0	0	0	0	0	17950089.461	0	5332299.947	0	0	0	0	0
21.3482051282051	0	0	0	4459317.068	0	0	1136245.785	0	6405509.35	0	2443254.616	0	0	1915351.302	8715481.463	11437987.938	23982358.502	72630729.528	2545263.997	0	0	0	0	0	19572103.855	3046824.072	0	3465150.032	20684232.05	21767470.258	2711676.865	2260050.889	0	0	0	8078070.356	5680607.127	0	0	0	7858669.598	0	0	0	4070866.419	0	0	0	0	1893193.227	0	0	0	0	0	4458660.083	7537959.421	11736610.215	32256151.745	1981295.291	7999495.437	0	0	0	0	22688191.485	0	0	1948888.887	10582447.751	7676918.839	4708804.533	2773216.323	0	0	2060470.013	14034114.005	6972020.089	0	2847322.855	0	5052733.787
21.405	0	0	0	3838688.335	0	0	0	0	7361946.105	0	0	4943056.333	0	0	9587363.862	11764528.793	26641040.86	76429910.567	2021405.354	0	1544084.008	0	0	0	20816884.447	0	0	2980507.226	23929905.917	21753457.829	0	1796199.381	21740967.048	24969649.314	0	6976810.975	5582044.781	0	0	0	7209666.655	0	0	0	3650008.24	0	0	0	1528363.016	2032288.095	0	0	0	0	0	4235739.382	7201802.061	11373126.541	36863040.902	0	0	0	0	0	0	24741759.286	0	0	1612785.625	12993134.242	8242754.054	5439349.611	3667418.59	158932111.734	35655906.118	1724752.467	12751149.033	6392092.54	0	0	0	4905467.196
21.4994285714286	0	0	0	0	2862343.919	0	0	13905509.363	4276948.719	0	0	25717099.859	14749754.683	0	0	3356828.188	3714515.63	10294297.313	0	0	0	0	2321686.851	0	3778375.548	0	1784321.604	0	2463031.13	5968021.94	0	0	5353066.033	17192078.422	0	3010246.004	2148145.083	8844329.892	0	0	8395274.85	0	0	0	6546091.039	0	0	1419464.946	0	0	0	21508513.176	19435590.137	2648035.432	0	0	4686759.822	0	5823210.352	6347160.056	0	0	8887836.448	0	0	2515682.046	0	0	0	0	0	0	0	0	28121928.02	6780078.835	4434967.875	1283026.188	0	0	2043019.703	6870735.727
21.5266666666667	0	0	0	0	0	0	0	0	0	0	0	0	0	0	0	0	0	0	0	0	0	0	0	7165743.117	0	0	0	0	0	0	0	0	0	0	0	0	0	0	0	0	0	0	0	0	0	0	0	0	2607934.175	0	0	0	0	1366333.88	0	0	0	0	0	0	0	0	0	0	0	0	0	0	0	0	0	0	0	0	0	0	0	0	0	0	0	0
21.5752941176471	2820731.598	0	1076926.9	0	4615769.377	1552078.755	1127235.275	18032222.181	0	1490839.096	2053872.791	0	14158847.177	2017817.393	0	1717432.801	3844684.97	12109238.894	0	3590948.985	0	17322787.462	2289604.006	18699438.578	2938482.351	5581028.928	5703405.246	0	2539794.293	3599593.577	0	0	16099726.793	0	0	1268423.672	0	1714677.331	2016349.436	1802938.919	0	0	3980360.681	0	0	30361128.077	2300528.124	1869757.301	6381013.686	0	856628.371	3632584.221	0	0	0	0	1958969.192	5441629.746	0	0	10635803.692	2828125.925	23245224.198	2597911.206	3357649.483	3454143.849	3870824.062	29903265.848	0	1318502.806	2923129.551	0	0	50733330.946	0	0	2639913.399	0	1083260.848	957159.494	0	1295765.908
21.8233333333333	0	0	0	0	0	0	0	2933144.323	1915502.257	0	0	3525083.087	0	0	0	0	0	0	0	0	0	1782453.396	0	4921432.75	0	0	0	0	0	0	0	0	0	4916573.284	0	0	0	0	0	0	0	0	0	0	0	0	0	0	0	0	0	0	6377135.162	0	0	0	0	0	2601941.279	0	0	0	3346472.652	0	0	0	0	8092168.231	0	0	0	0	0	5682668.496	9802905.372	0	0	0	0	0	0	0
21.9057142857143	0	0	0	0	0	0	0	0	0	0	0	1603239.213	0	0	0	0	0	0	0	0	0	0	0	1863751.704	0	0	0	0	0	0	0	0	0	2499179.948	0	0	0	0	0	0	0	0	0	0	0	0	0	0	0	0	0	0	3244403.381	0	0	0	0	0	961713.527	0	0	0	0	0	0	0	0	0	0	0	0	0	0	7743836.994	3464722.821	0	0	0	0	0	0	0
22.1116666666667	0	0	0	0	0	0	0	3580532.223	0	0	0	0	0	0	0	0	0	5614050.862	0	0	0	0	0	6945349.315	0	0	0	0	0	0	0	0	0	0	0	0	0	0	0	0	0	0	0	0	0	0	0	0	0	0	0	0	0	0	0	0	0	0	0	0	0	0	3369723.122	0	0	0	0	8957816.601	0	0	0	0	0	0	11984796.299	0	0	0	0	0	0	0
22.16	0	0	0	0	0	0	0	0	0	0	0	0	0	0	0	0	0	0	0	0	0	0	0	9972938.458	0	0	0	0	20090747.301	0	0	0	0	44805165.316	0	0	0	0	0	0	0	0	0	0	0	0	0	0	0	0	0	0	4763602.607	0	0	0	0	0	0	0	0	0	0	0	0	0	0	0	0	0	0	0	0	6670791.86	4822591.47	0	0	0	0	0	0	0
22.262	0	0	0	0	0	0	0	0	0	0	0	0	0	0	0	0	0	0	0	0	0	0	0	2679838.893	0	0	0	0	3384212.342	0	0	0	0	3445996.133	0	0	0	0	0	0	0	0	0	0	0	0	0	0	0	0	0	0	0	0	0	0	0	0	0	0	0	0	0	0	0	0	0	0	0	0	0	0	0	2390984.571	2895984.099	0	0	0	0	0	0	0
22.3583333333333	0	0	0	0	0	0	0	2690635.481	0	0	0	0	0	0	0	0	0	1939046.928	0	0	0	0	0	8038714.21	0	0	0	0	0	0	0	0	0	0	0	0	0	0	0	0	0	0	0	0	0	1510118.202	0	0	0	0	0	0	0	0	0	0	0	0	0	0	0	0	1886608.393	0	0	0	0	0	0	0	0	0	0	0	6379592.176	0	0	0	0	0	0	0
22.38	0	0	0	0	0	0	0	0	0	0	0	0	0	0	0	0	0	0	0	0	0	0	0	0	0	0	0	0	0	0	0	0	0	0	0	0	0	0	0	0	0	0	0	0	0	0	0	0	0	0	0	0	1602912.781	0	0	0	0	0	0	0	0	0	0	0	0	0	0	7186596.452	0	0	0	0	0	0	0	0	0	0	0	0	0	0
22.424	0	0	0	0	0	0	0	0	0	0	0	0	0	0	0	0	0	0	0	0	0	0	0	23090088.874	0	0	0	0	70814191.226	0	0	0	0	55931020.069	0	0	0	0	0	0	0	0	0	0	0	0	0	0	0	0	0	0	1768563.654	0	0	0	0	0	0	0	0	0	1806827.615	0	0	0	0	0	0	0	0	0	0	0	0	0	0	0	0	0	0	0
22.5507692307692	3321552.314	1618433.532	0	0	1667157.415	0	0	0	0	0	0	0	0	0	0	0	2845973.348	9668840.337	0	0	1280079.045	0	2318491.22	0	0	2983933.671	7597772.514	0	0	0	0	0	0	0	0	0	1223864.645	2066774.614	0	0	0	1791285.972	4733774.876	0	0	0	0	0	5312482.263	0	0	1359883.318	20995328.324	3530756.114	0	0	0	0	3285008.696	1374216.242	0	765576.308	0	0	3127845.382	0	2217114.542	0	0	0	0	2817506.79	0	0	0	0	3363215.987	1334580.817	2228300.954	0	0	0
22.5944444444445	0	1851328.98	0	0	0	0	0	0	0	0	0	0	9728759.316	0	0	0	0	0	0	0	2291182.021	0	0	39619409.332	0	1692012.295	0	0	0	0	0	0	0	8999829.51	0	0	0	0	0	0	0	0	0	0	0	0	0	0	0	0	0	0	0	0	0	0	0	0	945120.433	0	0	1591226.006	0	0	0	0	0	0	0	0	0	0	0	0	13063463.109	0	0	0	0	0	0	0
22.6261111111111	1873212.883	0	0	0	0	0	0	3214212.767	0	0	0	0	0	0	0	0	0	0	0	0	0	1500705.09	1795318.794	0	0	0	0	0	3562742.843	1439255.406	0	0	0	0	0	0	0	6795781.177	0	0	0	0	0	0	3393345.345	0	0	0	2128764.258	0	0	13140443.787	0	2921130.89	0	0	2395649.959	0	1288965.445	5550102.27	0	0	0	0	0	0	0	0	0	0	0	0	0	14641857.342	0	4435732.023	0	0	0	0	1352811.907	5393072.845
22.7275	0	0	0	0	0	0	0	12785674.496	2143650.623	0	0	4671848.395	8291028.587	0	0	0	0	0	0	0	0	6925176.687	0	13142589.247	0	0	0	0	0	0	0	0	3298234.054	4825989.979	0	0	0	0	0	0	0	0	0	0	0	12457553.281	0	0	4730094.373	0	0	0	0	3476890.575	0	0	0	0	0	0	0	0	12192569.073	0	0	0	0	0	0	0	0	0	0	0	0	0	0	0	0	0	0	0
22.768947368421	0	0	0	1639081.846	0	0	0	7944762.426	3477862.847	0	0	4349073.387	6379563.959	0	3477643.678	4414193.18	13778984.503	47880959.035	0	0	0	4533782.148	0	0	6348602.663	0	0	1343999.998	13756513.808	8348791.563	0	0	0	10457819.232	0	5946444.209	2216591.858	0	0	0	2589183.57	0	0	0	1525791.99	13658370.795	0	0	3856778.225	1838940.45	0	0	22264417.678	2683009.335	0	1485115.339	2894330.575	5864896.635	26334983.366	0	0	0	8133116.456	0	0	9633093.633	0	9118010.861	0	3538960.885	3247473.978	0	0	38828422.144	25243675.957	0	11492368.438	2668020.458	0	0	0	1805620.385
22.861	0	0	0	0	0	0	0	4904147.414	0	0	0	0	1649015.794	0	0	0	0	2455810.32	0	0	0	0	0	8607491.146	0	0	0	0	6846303.148	0	0	0	0	3639434.829	0	0	0	0	0	0	0	0	0	0	0	0	0	0	0	0	0	0	0	0	0	0	0	0	0	0	0	0	3282802.102	0	0	0	0	7434678.05	0	0	0	0	0	11588719.448	4362505.968	0	0	0	0	0	0	0
22.9871428571429	0	0	0	0	0	0	0	6979487.573	0	0	0	0	4251819.572	0	0	0	0	11793514.696	0	0	0	3139003.667	0	21116432.534	0	0	0	0	0	0	0	0	8058545.25	7880686.612	0	0	0	0	0	0	0	0	0	0	0	6275576.197	0	0	0	0	0	0	0	0	0	0	0	0	5858048.676	0	0	0	5786338.567	0	0	0	0	8196222.568	0	0	0	0	0	16169584.121	14474942.375	0	3109035.299	0	0	0	0	0
23.036	0	0	0	0	0	0	0	0	0	0	0	0	8287589.891	0	0	0	0	0	0	0	0	4942233.195	0	0	0	0	0	0	2457577.198	0	0	0	0	0	0	0	0	0	0	0	0	0	0	0	0	0	0	0	0	0	0	0	6592852.661	0	0	0	0	0	0	0	0	0	9373790.407	0	0	0	0	0	0	0	0	0	0	0	0	0	0	0	0	0	0	0
23.0741666666667	0	0	0	0	0	0	0	9542687.309	5088190.065	0	0	7063856.564	0	0	0	0	0	5195219.801	0	0	0	0	0	0	0	0	0	0	0	0	0	0	0	9355880.011	0	0	0	0	0	0	0	0	0	0	0	11045503.399	0	0	0	0	0	0	11140963.239	0	0	0	0	0	4041702.051	0	0	0	0	0	0	0	0	8234906.188	0	0	0	0	0	28936756.317	11922995.773	0	2511580.038	0	0	0	0	0
23.134	0	0	0	0	0	0	0	1788310.071	0	0	0	1427155.18	0	0	0	0	0	1778649.859	0	0	0	0	0	0	0	0	0	0	0	0	0	0	0	0	0	0	0	0	0	0	0	0	0	0	0	2270726.474	0	0	0	0	0	0	3067762.614	0	0	0	0	0	0	0	0	0	0	0	0	0	0	0	0	0	0	0	0	0	0	0	0	0	0	0	0	0
23.216	0	0	0	0	2227153.681	0	0	0	0	0	0	29210543.118	0	0	0	1302769.864	0	0	0	0	0	0	0	0	0	0	0	0	0	0	0	0	0	0	0	0	0	0	0	0	2990408.201	0	0	0	0	0	0	0	0	0	0	0	13314353.371	0	0	0	0	0	0	0	0	0	0	0	0	0	0	0	0	0	0	0	0	0	0	0	0	0	0	0	0	0
23.2525	0	0	0	0	0	0	0	0	0	0	0	0	0	0	0	0	0	0	0	0	0	0	0	45993491.879	0	0	0	0	96173702.086	0	0	0	0	84934084.716	0	0	0	0	0	0	0	0	0	0	0	0	0	0	0	0	0	0	0	0	0	0	0	0	0	0	0	0	0	0	0	0	0	0	0	0	0	0	0	0	6785985.445	0	0	0	0	0	0	0
23.3945454545455	0	0	0	0	0	0	0	4921468.144	0	0	0	0	2008489.945	0	0	0	0	0	0	0	0	2336259.599	0	23436548.683	0	0	0	0	0	0	0	0	3028596.043	0	0	0	0	0	0	0	0	0	0	0	0	4931715.638	0	0	0	0	0	0	13618075.394	0	0	0	0	0	2744892.326	0	0	0	2763208.299	0	0	0	0	11132402.199	0	0	0	0	0	0	14789220.29	0	0	0	0	0	0	0
23.44	0	0	0	0	0	0	0	0	0	0	0	0	0	0	0	0	0	0	0	0	0	0	0	0	0	0	0	0	13281335.652	0	0	0	0	32312011.36	0	0	0	0	0	0	0	0	0	0	0	0	0	0	0	0	0	0	0	0	0	0	0	0	0	0	0	0	0	0	0	0	0	0	0	0	0	0	0	0	0	0	0	0	0	0	0	0
23.5177777777778	0	0	0	0	0	0	0	4453448.374	0	0	0	0	1759786.965	0	0	0	0	0	0	0	0	0	0	52078688.306	0	0	0	0	132494467.992	0	0	0	0	78171147.577	0	0	0	0	0	0	0	0	0	0	0	0	0	0	0	0	0	0	0	0	0	0	0	0	1476696.174	0	0	0	0	0	0	0	0	0	0	0	0	0	0	3629111.154	10700096.368	0	1327665.811	0	0	0	0	0
23.6841666666667	0	0	0	0	0	0	0	0	0	0	0	0	5403519.934	0	0	0	0	0	0	0	0	0	0	2384342.091	0	0	0	0	0	0	0	0	0	3142726.101	0	0	0	4701812.675	0	0	0	0	0	0	2272904.824	0	0	0	0	0	0	6981358.693	0	0	0	0	793259.798	0	0	4013748.877	0	0	0	0	0	0	0	0	0	0	0	0	0	0	1942281.302	3686693.289	0	0	0	0	959806.56	7008553.219
23.8125	0	0	0	0	0	0	0	4942542.868	0	0	0	0	0	0	0	0	0	0	0	0	0	0	0	2258525.949	0	0	0	0	0	0	0	0	0	0	0	0	0	0	0	0	0	0	0	0	0	0	0	0	0	0	0	0	0	0	0	0	0	0	0	0	0	0	0	0	0	0	0	2551861.038	0	0	0	0	0	0	2803758.997	0	0	0	0	0	0	0
23.9	0	0	0	0	0	0	0	0	0	0	0	0	0	0	0	0	0	0	0	0	0	0	0	5129906.96	0	0	0	0	0	0	0	0	0	0	0	0	0	0	0	0	0	0	0	0	0	0	0	0	0	0	0	0	0	0	0	0	0	0	0	0	0	0	0	0	0	0	0	3115672.29	0	0	0	0	0	0	4419807.138	0	0	0	0	0	0	0
23.94	0	0	0	0	0	0	0	0	0	0	0	0	0	0	0	0	0	0	0	0	0	0	0	0	0	0	0	0	0	0	0	0	0	0	0	0	0	0	0	0	0	0	0	0	0	0	0	0	0	0	0	0	0	0	0	0	0	0	0	0	0	0	0	0	0	0	0	1956208.376	0	0	0	0	0	4372438.322	0	0	0	0	0	0	0	0
24.175	0	0	0	0	0	0	0	0	0	0	0	0	0	0	0	0	0	970641.248	0	0	0	0	0	0	0	0	0	0	0	0	0	0	0	0	0	0	0	0	0	0	0	0	0	0	0	0	2617512.825	0	0	0	0	0	0	0	0	0	0	0	0	0	0	0	0	0	0	0	0	0	0	0	0	0	0	0	0	0	0	0	0	0	0	0
24.26	2083603.591	0	0	0	0	0	0	7945999.036	0	0	0	0	2682754.23	0	1603604.449	1358344.976	5544272.119	9522679.471	0	0	0	2897075.983	0	7237782.901	1208337.546	0	0	0	1477677.886	1439752.174	1477778.03	0	2388648.39	3774275.472	0	0	1187751.876	0	0	0	0	0	0	0	0	11809748.085	0	0	0	0	0	0	2864095.387	1308601.499	0	0	0	0	1470282.334	0	0	0	2404555.154	0	0	0	0	12330886.319	0	0	0	1811425.317	0	16152503.331	5820476.205	0	4238665.2	0	0	0	0	0
24.325	0	0	0	0	0	0	0	3655758.924	0	0	0	0	2313562.57	0	0	0	0	2903498.056	0	0	0	0	0	15429524.909	0	0	0	0	0	0	0	0	0	3701050.345	0	0	0	0	0	0	0	0	0	0	0	0	0	0	0	0	0	0	0	0	0	0	0	0	0	0	0	0	0	0	0	0	0	11365316.902	0	0	0	0	0	8213889.358	5208489.558	0	0	0	0	0	0	0
24.55375	0	0	0	0	0	0	0	0	1281045.257	0	0	0	1504616.474	0	0	0	0	5239488.644	0	0	0	0	0	0	0	0	1854243.632	0	934703.087	0	0	0	0	0	0	0	0	0	0	0	0	0	0	0	0	0	0	0	0	0	0	0	0	0	0	0	0	0	0	0	0	0	0	0	0	0	0	2492880.464	0	0	0	0	0	9335190.976	4123667.37	0	0	0	0	0	0	0
24.5908333333333	0	0	0	0	0	0	0	5083866.576	0	0	0	0	1950507.866	0	0	0	0	3924606.674	0	0	0	0	0	8673462.771	0	0	3529886.447	0	4600789.103	0	0	0	0	9568231.325	0	0	0	0	0	0	0	0	0	0	0	9582568.048	0	0	0	0	0	0	2092938.328	0	0	0	0	0	0	0	0	0	1564118.584	0	0	0	0	3286117.095	0	0	0	0	0	0	5429591.813	0	0	0	0	0	0	0
24.63	0	0	0	0	0	0	0	8756188.697	3862781.015	0	0	0	0	0	0	0	0	0	0	0	0	0	0	0	0	0	0	0	0	0	0	0	0	0	0	0	0	0	0	0	0	0	0	0	0	0	0	0	0	0	0	0	0	0	0	0	0	0	0	0	0	0	2343329.59	0	0	0	0	0	0	0	0	0	0	0	0	0	0	0	0	0	0	0
24.6694736842105	0	0	0	0	0	0	0	0	0	0	0	6310760.014	9847064.366	0	0	0	0	12701284.713	0	0	0	0	0	7321716.447	0	0	0	0	0	0	0	0	0	9282741.499	0	0	0	3838606.887	0	0	0	0	0	0	1493451.506	11280266.833	0	0	0	0	0	3773456.417	5227384.671	0	0	0	0	0	9149788.296	2684190.998	0	0	2906339.681	0	0	0	0	6692051.809	0	0	0	0	0	11910082.965	12103671.626	2418622.603	3992753.575	0	0	0	0	5773255.418
24.72	0	0	0	0	0	0	0	1541224.506	0	0	0	3988042.969	0	0	0	0	0	0	0	0	0	0	0	0	0	0	0	0	0	0	0	0	0	3271715.926	0	0	0	0	0	0	0	0	0	0	0	0	0	0	0	0	0	0	4924302.025	0	0	0	0	0	0	0	0	0	0	0	0	0	0	0	0	0	0	0	0	4368061.379	4078609.796	0	0	0	0	0	0	0
24.7775	0	0	0	0	0	0	0	0	0	0	0	0	0	0	0	0	0	3699959.145	0	0	0	0	0	0	0	0	0	0	0	0	0	0	0	3939664.763	0	0	0	0	0	0	0	0	0	0	0	0	0	0	0	0	0	0	0	0	0	0	0	0	0	0	0	0	0	0	0	0	0	0	0	0	0	0	0	3269186.899	4520640.317	0	0	0	0	0	0	0
24.935	0	0	0	0	0	0	0	2088020.949	0	0	0	0	0	0	0	0	0	0	0	0	0	0	0	0	0	0	0	0	0	0	0	0	0	0	0	0	0	0	0	0	0	0	0	0	0	0	0	0	0	0	0	0	0	0	0	0	0	0	1695675.764	0	0	0	0	0	0	0	0	0	0	0	0	0	0	0	0	0	0	0	0	0	0	0
24.965	0	0	0	0	0	0	0	0	0	0	0	0	0	0	0	0	0	3718222.634	0	0	0	0	0	0	0	0	0	0	0	0	0	0	0	9205633.748	0	0	0	0	0	0	0	0	0	0	0	4781835.209	0	0	0	0	0	0	2766789.945	0	0	0	0	0	0	0	0	0	0	0	0	0	0	0	0	0	0	0	0	0	0	0	0	0	0	0	0	0
25.0028571428571	0	0	0	0	0	0	0	3887672.13	0	0	0	5019019.356	0	0	0	0	0	2796420.145	0	0	0	0	0	1718725.74	0	0	0	0	0	0	0	0	0	0	0	0	0	0	0	0	0	0	0	0	0	0	0	0	0	0	0	0	3348136.084	0	0	0	0	0	0	0	0	0	0	0	0	0	0	0	0	0	0	0	0	3630280.474	7052641.379	0	0	0	0	0	0	0
25.065	0	0	0	0	0	0	0	0	0	0	0	0	0	0	0	0	0	0	0	0	0	0	0	3866675.606	0	0	0	0	0	0	0	0	0	0	0	0	0	0	0	0	0	0	0	0	0	3160101.992	0	0	0	0	0	0	0	0	0	0	0	0	0	0	0	0	0	0	0	0	0	0	0	0	0	0	0	3881865.93	5862456.692	0	0	0	0	0	0	0
25.165	0	0	0	0	0	0	0	0	0	0	0	0	0	0	0	0	0	0	0	0	0	0	0	0	0	0	0	0	0	0	0	0	0	3070586.201	0	0	0	0	0	0	0	0	0	0	0	4624825.326	0	0	0	0	0	0	0	0	0	0	0	0	0	0	0	0	0	0	0	0	0	0	0	0	0	0	0	0	0	0	0	0	0	0	0	0
25.315	0	0	0	0	0	0	0	4465772.157	0	0	0	0	0	0	0	0	0	0	0	0	0	0	0	0	0	0	0	0	0	0	0	0	0	0	0	0	0	0	0	0	0	0	0	0	0	5402020.516	0	0	0	0	0	0	0	0	0	0	0	0	0	0	0	0	0	0	0	0	0	0	0	0	0	0	0	0	0	0	0	0	0	0	0	0
25.355	0	0	0	0	0	0	0	0	0	0	0	0	0	0	0	0	0	1370072.926	0	0	0	0	0	3050573.946	0	0	0	0	0	0	0	0	0	1677351.362	0	0	0	0	0	0	0	0	0	0	0	0	0	0	0	0	0	0	0	0	0	0	0	0	0	0	0	0	0	0	0	0	0	0	0	0	0	0	0	0	1711924.153	0	0	0	0	0	0	0
25.445	0	0	0	0	0	0	0	0	0	0	0	0	0	0	0	0	0	0	0	0	0	0	0	4568529.093	0	0	0	0	0	0	0	0	0	0	0	0	0	0	0	0	0	0	0	0	0	4177284.959	0	0	0	0	0	0	0	0	0	0	0	0	0	0	0	0	0	0	0	0	0	3527967.352	0	0	0	0	0	0	1946046.41	0	0	0	0	0	0	0
25.75	0	0	0	0	0	0	0	0	0	0	0	0	0	0	0	0	0	0	0	0	0	0	0	0	0	0	0	0	0	0	0	0	0	0	0	0	0	0	0	0	0	0	0	0	0	0	0	0	0	0	0	0	1692499.227	0	0	0	0	0	0	0	0	0	2245996.847	0	0	0	0	0	0	0	0	0	0	0	0	0	0	0	0	0	0	0
25.8425	0	0	0	0	0	0	0	0	0	0	0	0	3405375.536	0	1571274.023	0	0	0	0	0	0	0	0	5048656.446	0	0	0	0	0	0	0	0	0	1672106.107	0	0	0	0	0	0	0	0	0	0	0	4611862.047	0	0	0	0	0	0	0	0	0	3460515.29	0	0	0	0	0	0	0	0	0	0	0	4336506.278	0	0	0	0	0	0	0	0	0	0	0	0	0	1466838.441
25.925	0	0	0	0	0	0	0	3018335.422	0	0	0	0	4385602.354	0	0	0	0	0	0	0	0	0	0	18504135.076	0	0	0	0	0	0	0	0	0	0	0	0	0	0	0	0	0	0	0	0	0	5194093.824	0	0	0	0	0	0	0	0	0	0	0	0	0	0	0	0	0	0	0	0	0	0	0	0	0	0	0	0	0	0	0	0	0	0	0	0
26.054	0	0	0	0	0	0	0	3401133.257	0	0	0	0	0	0	0	0	0	1878520.075	0	0	0	0	0	8261361.308	0	0	0	0	0	0	0	0	0	0	0	0	0	0	0	0	0	0	0	0	0	0	0	0	0	0	0	0	0	0	0	0	0	0	0	0	0	0	0	0	0	0	0	5285662.09	0	0	0	0	0	0	2631053.788	0	0	0	0	0	0	0
26.15	0	0	0	0	0	0	0	0	0	0	0	0	0	0	0	0	0	0	0	0	0	0	0	4151023.154	0	0	0	0	0	0	0	0	0	0	0	0	0	0	0	0	0	0	0	0	0	13919165.771	0	0	0	0	0	0	0	0	0	0	0	0	0	0	0	0	0	0	0	0	0	0	0	0	0	0	0	0	0	0	0	0	0	0	0	0
26.1875	0	0	0	0	0	0	0	10236443.339	0	0	0	0	0	0	0	0	0	4526185.468	0	0	0	0	0	1960043.416	0	0	0	0	0	0	0	0	0	0	0	0	0	0	0	0	0	0	0	0	0	0	0	0	0	0	0	0	0	0	0	0	0	0	0	0	0	0	0	0	0	0	0	0	0	0	0	0	0	0	0	2883034.439	0	0	0	0	0	0
26.32	0	0	0	0	0	0	0	4098536.364	0	0	0	0	0	0	0	0	0	4941333.332	0	0	0	0	0	0	0	0	0	0	0	0	0	0	0	0	0	0	0	0	0	0	0	0	0	0	0	4373542.223	0	0	0	0	0	0	0	0	0	0	0	0	0	0	0	0	0	0	0	0	0	0	0	0	0	0	0	0	0	0	2001127.935	0	0	0	0	0
26.344	0	0	0	0	0	0	0	0	0	0	0	0	0	0	0	0	0	0	0	0	0	0	0	7332713.646	0	0	0	0	0	0	0	0	0	0	0	0	0	0	0	0	0	0	0	0	0	0	0	0	0	0	0	0	3109863.997	0	0	0	0	0	1852815.388	0	0	0	0	0	0	0	0	3043529.086	0	0	0	0	0	0	3308110.255	0	0	0	0	0	0	0
26.509	0	0	0	0	0	0	0	6985383.726	0	0	0	0	2669483.078	0	0	0	0	2514854.784	0	0	0	1450765.906	0	3478544.952	0	0	0	0	0	0	0	0	0	0	0	0	0	0	0	0	0	0	0	0	0	3862334.011	0	0	0	0	0	0	5904373.174	0	0	0	0	0	0	0	0	0	1956581.42	0	0	0	0	7269434.002	0	0	0	0	0	0	1776106.675	0	0	0	0	0	0	0
26.7885915492958	27372898.939	12548989.117	0	10018669.111	0	0	6265332.876	503133266.459	0	8767091.433	12688810.856	11609846.137	27077074.17	11566847.188	75311206.747	7054046.857	50294591.737	324752603.328	3484145.434	6785864.497	5004448.61	60193878.97	43751802.459	37321627.057	3656342.608	3077584.787	4353864.015	36299161.039	30760856.139	7132450.875	74279189.331	14286000.471	0	48757585.781	10755412.624	60117957.834	52978432.257	18742661.91	0	0	16366121.365	69128805.53	21961737.228	5972117.952	13797921.155	265069423.768	6503324.829	4519683.749	47403324.116	6615843.032	5199710.466	20029646.833	47989690.987	97935200.024	7795744.883	12742190.509	0	1565236.02	33246391.109	17779722.689	0	4540976.941	72288471.401	11463511.25	19036128.587	30160564.898	13957036.019	568110437.552	40643257.242	0	12567903.294	294488940.366	16583008.756	5269737.468	50574712.506	51512121.898	392220036.099	25199586.151	20196718.392	12258302.759	0	6221606.999
26.865	0	0	0	0	0	0	0	0	0	0	0	0	0	0	0	0	0	0	0	0	0	0	0	0	0	0	0	0	0	0	0	0	0	0	0	0	0	0	0	0	0	0	0	0	0	0	0	0	0	0	0	0	0	0	0	0	0	0	0	1333631.331	0	0	0	0	0	0	0	0	0	0	0	0	0	0	0	0	0	0	0	0	0	2935757.565
26.9185714285714	0	0	0	0	0	0	0	0	0	0	0	0	0	0	0	0	1729078.317	0	0	0	0	0	1962822.477	4097511.988	0	0	0	0	2008891.849	0	3966449.329	0	0	0	0	0	0	0	0	0	0	0	0	0	0	0	0	0	0	0	0	0	0	1970825.91	0	0	0	0	0	0	0	0	0	0	0	0	0	0	0	0	0	0	0	0	3864186.342	0	0	0	0	0	0	0
26.9766666666667	0	0	0	0	0	0	0	0	0	0	0	0	0	0	0	0	896250.179	1893285.456	0	0	0	0	0	0	0	0	0	0	0	0	0	0	0	0	0	0	0	0	0	0	0	0	0	0	0	2883060.069	0	0	0	0	0	0	0	0	0	0	0	0	0	0	0	0	0	0	0	0	0	0	0	0	0	0	0	0	0	0	0	0	0	0	0	0
27.0485714285714	0	0	0	0	0	0	0	5154979.826	0	0	0	0	0	0	0	0	3295950.18	4476918.052	0	0	0	0	0	0	0	0	0	0	0	0	0	0	0	0	0	0	0	0	0	0	0	0	0	0	0	6659791.001	0	0	0	0	0	0	0	0	0	0	0	0	0	0	0	0	0	0	0	0	0	4466502.124	0	0	0	2628063.026	0	0	0	0	1860995.086	0	0	0	0	0
27.0833333333333	0	0	0	0	0	0	0	0	0	0	0	0	0	0	0	0	0	4173550.796	0	0	0	0	0	0	0	0	0	0	0	0	0	0	0	0	0	0	0	0	0	0	0	0	0	0	0	0	0	0	0	0	0	0	0	0	0	0	0	0	0	0	0	0	0	0	0	0	0	3177170.102	0	0	0	0	0	0	0	0	2594142.49	0	0	0	0	0
27.2166666666667	0	0	0	0	0	0	0	5660024.293	0	0	0	0	0	0	0	0	0	1379510.609	0	0	0	0	0	0	0	0	0	0	0	0	0	0	0	0	0	0	0	0	0	0	0	0	0	0	0	2026070.043	0	0	0	0	0	0	0	0	0	0	0	0	0	0	0	0	0	0	0	0	0	0	0	0	0	0	0	0	0	0	0	0	0	0	0	0
27.6873684210526	0	3277069.735	0	0	0	2050806.142	0	11510893.863	0	0	0	0	10710148.859	0	0	0	0	8391586.09	0	0	1981250.861	5352530.685	0	27169851.289	0	0	0	0	0	0	0	0	0	6699795.64	0	0	0	0	0	0	0	0	0	0	0	21607895.142	0	0	2817900.591	0	0	0	4529114.946	2175023.568	0	0	0	0	5067116.132	0	0	0	9597705.395	0	0	0	0	7506798.523	0	0	0	0	0	5042277.268	5290360.037	0	5908185.497	0	0	0	0	0
27.772	0	0	0	0	0	0	0	4715983.548	0	0	0	0	0	0	0	0	0	0	0	0	0	0	0	0	0	0	0	0	0	0	0	0	4635340.879	0	0	0	0	0	0	0	0	0	0	0	0	0	0	0	0	0	0	0	0	0	0	0	0	0	0	0	0	0	0	0	0	0	0	5916591.106	0	0	0	0	0	5065699.582	3072109.746	0	0	0	0	0	0	0
28.0072727272727	0	0	0	0	0	0	0	12562616.407	0	0	0	0	0	0	0	0	0	10241716.539	0	0	0	3291863.755	0	6782210.545	0	0	0	0	4673848.903	0	0	0	0	10841123.893	0	0	0	0	0	0	0	0	0	0	0	14016076.903	0	0	0	0	0	0	0	0	0	0	0	0	0	0	0	0	4453454.503	0	0	0	0	90348232.392	0	0	0	2531745.353	0	0	0	0	8742017.991	0	0	0	0	0
28.035	0	0	0	0	0	0	0	0	0	0	0	0	0	0	0	0	0	0	0	0	0	0	0	0	0	0	0	0	0	0	0	0	4821705.918	0	0	0	0	0	0	0	0	0	0	0	0	0	0	0	0	0	0	0	0	0	0	0	0	0	0	0	0	0	0	0	0	0	0	0	0	0	0	0	0	15425667.027	0	0	0	0	0	0	0	0
28.154	0	0	0	0	0	0	0	6113301.736	0	0	0	0	0	0	0	0	2866116.196	5764442.193	0	0	0	0	0	0	0	0	0	0	0	0	0	0	0	0	0	0	0	0	0	0	0	0	0	0	0	5532609.717	0	0	0	0	0	0	0	0	0	0	0	0	0	0	0	0	0	0	0	0	0	0	0	0	0	0	0	0	0	0	4291011.279	0	0	0	0	0
28.34	0	0	0	0	0	0	0	8152766.342	0	0	0	0	0	0	0	0	0	6857275.548	0	0	0	0	0	0	0	0	0	0	0	0	0	0	0	0	0	0	0	0	0	0	0	0	0	0	0	7367942.312	0	0	0	0	0	0	0	0	0	0	0	0	0	0	0	0	0	0	0	0	0	0	0	0	0	0	0	0	0	0	0	0	0	0	0	0
28.7628571428571	0	0	0	0	0	0	0	6384978.455	0	0	0	0	0	0	0	0	2204430.411	9160393.257	0	0	0	0	0	0	0	0	0	0	0	0	0	0	0	10798264.923	0	0	0	0	0	0	0	0	0	0	0	5700416.971	0	0	0	0	0	0	0	0	0	0	0	0	0	0	0	0	0	0	0	0	0	3559596.792	0	0	0	2036387.042	0	0	0	0	0	0	0	0	0	0
28.85	0	0	0	0	0	0	0	5565315.195	0	0	0	0	0	0	0	0	0	0	0	0	0	0	0	0	0	0	0	0	0	0	0	0	0	0	0	0	0	0	0	0	0	0	0	0	0	3253757.476	0	0	0	0	0	0	0	0	0	0	0	0	0	0	0	0	0	0	0	0	0	0	0	0	0	0	0	0	0	0	3413960.891	0	0	0	0	0
29.0286666666667	0	0	0	0	0	0	0	13466271.969	0	0	0	0	0	0	0	0	0	8996700.041	0	0	0	2630121.682	0	6472193.092	0	0	0	0	0	0	4746109.505	0	0	8587008.58	0	0	0	0	0	0	0	0	0	0	0	9661564.184	0	0	0	0	0	0	7105875.882	3000568.546	0	0	0	0	0	0	0	0	3939991.416	0	0	0	0	5254181.864	0	0	0	2436617.591	0	12484788.614	7395948.103	0	9059048.289	0	0	0	0	0
30.6275	0	0	0	0	0	0	0	4599182.713	0	0	0	0	0	0	0	0	0	3406101.581	0	0	0	0	0	0	0	0	0	0	0	0	0	0	0	0	0	0	0	0	0	0	0	0	0	0	0	5758669.005	0	0	0	0	0	0	0	0	0	0	0	0	0	0	0	0	3721536.167	0	0	0	0	0	0	0	0	0	0	0	0	0	0	0	0	0	0	0
30.8036538461538	9914870.471	0	2331214.174	0	0	0	0	48599349.227	0	0	0	0	13071048.301	3501587.869	5177023.714	3187796.759	5542603.29	50313577.21	0	5479386.917	7476745.615	21885306.11	0	47695394.483	22341436.668	3252571.342	3547819.479	4089658.551	17820666.722	17228923.611	10073262.48	6466855.151	121604849.632	42530501.551	2913942.579	8652311.25	8579747.942	0	0	0	5850655.96	0	0	0	3439478.119	32264259.55	0	3626939.544	4439080.095	0	0	0	0	3820492.357	0	3235585.006	4288910.531	2183495.824	18448517.149	0	6118690.947	4504023.935	10166496.753	0	0	7712706.522	3291353.051	35248272.165	0	10975720.634	9235406.836	14239225.133	6941354.679	300629134.855	54214679.561	5625493.577	66708090.672	3877214.409	0	0	0	5330282.162
30.8433333333333	0	0	0	0	0	0	0	0	0	0	0	0	0	0	0	0	0	0	0	0	0	0	0	0	0	0	0	0	0	0	0	0	0	0	0	0	0	0	0	0	0	0	0	0	0	0	0	0	0	0	0	0	12314330.338	0	0	0	0	2905945.081	0	2698488.038	0	0	0	0	0	0	0	0	0	0	0	0	0	0	0	0	0	0	0	0	0	0
30.8833333333333	0	0	0	0	0	0	0	0	0	0	0	0	0	0	0	0	1618216.524	0	0	0	0	0	0	0	0	0	0	0	0	0	0	0	0	0	0	0	0	0	0	0	0	0	0	0	0	0	0	0	0	0	0	0	0	0	0	0	0	0	0	0	2203449.53	0	0	0	0	0	0	0	0	0	0	0	0	0	0	0	0	1806859.679	0	0	0	0
31.1275	0	0	0	0	0	0	0	0	0	0	0	0	0	0	0	0	0	7382372.201	0	0	0	0	0	5713879.23	0	0	0	0	0	0	0	0	4005345.238	0	0	0	0	0	0	0	0	0	0	0	0	0	0	0	0	0	0	0	0	0	0	0	0	0	0	0	0	0	0	0	0	0	0	2482864.823	0	0	0	0	0	0	0	0	0	0	0	0	0	0
31.5425	0	0	0	0	0	0	1666842.832	0	0	0	0	0	3234319.319	0	0	0	0	0	0	0	0	0	0	0	0	0	0	1248298.157	0	0	0	0	0	0	0	0	0	0	0	0	2194069.553	0	0	0	0	0	0	0	0	0	0	0	0	0	0	0	0	0	0	0	0	0	0	0	0	0	0	0	0	0	0	0	0	0	0	0	0	0	0	0	0	0
31.61	0	0	0	0	0	0	0	0	0	0	0	0	0	0	0	0	0	0	0	0	0	0	0	0	0	0	0	0	0	0	0	2633333.575	0	0	0	2999132.011	0	0	0	0	0	0	0	0	0	0	0	0	0	0	0	0	0	0	0	0	0	0	0	0	0	0	0	0	0	0	0	0	0	0	0	0	0	0	0	0	0	0	0	0	0	0
31.64	1537096.789	0	0	0	0	0	0	0	0	0	0	0	0	0	0	0	0	0	0	0	0	0	0	0	0	0	0	0	0	0	0	0	0	0	0	0	0	0	0	0	0	0	0	0	0	0	0	0	0	0	0	0	0	0	0	0	0	0	0	0	0	0	0	0	0	0	0	0	0	0	0	0	0	0	2750140.864	0	0	0	0	0	0	0
32.6166666666667	0	0	0	0	0	0	0	5530467.45	0	0	0	0	0	0	0	0	17356532.889	0	0	0	0	0	0	0	0	0	0	0	0	0	0	0	8172861.434	0	0	0	0	0	0	0	0	0	0	0	0	0	0	0	0	0	0	0	0	0	0	0	0	0	0	0	0	0	0	0	0	0	0	0	0	0	0	0	0	0	0	0	0	0	0	0	0	0
33.6365517241379	24339521.711	0	0	0	0	6968881.303	0	0	0	2516664.276	5914752.466	0	0	0	0	8195342.199	0	0	0	15556329.728	15631211.192	0	4627040.886	188884797.225	8147229.434	0	11070020.271	0	0	16823267.657	0	7346757.432	23194646.149	0	0	19497992.573	0	0	0	0	0	8868032.165	0	4700347.58	0	0	0	0	11822643.296	0	0	0	0	0	4076579.923	0	6051652.542	0	32386224.171	2840800.732	0	0	0	2079397.835	0	3571611.351	0	98327467.338	0	0	0	0	0	48520771.579	95134066.301	2636902.986	0	6607629.262	0	0	0	0
33.664	0	11309059.474	0	0	0	0	0	0	0	0	0	0	0	0	0	0	7174862.789	0	0	0	0	0	0	0	0	0	0	0	0	0	0	0	0	0	0	0	0	0	0	0	0	0	0	0	0	0	0	0	0	0	0	0	35696841.303	0	0	0	0	0	0	0	0	0	0	0	0	0	0	0	0	0	0	2078045.135	0	0	0	1700810.53	0	0	0	0	0	0
34.11	0	0	0	0	0	0	0	0	0	0	0	0	0	0	0	0	0	0	0	0	0	0	0	0	0	0	0	0	0	0	0	0	2868110.848	0	0	0	0	0	0	0	0	0	0	0	0	0	0	0	0	0	0	0	0	0	0	0	0	0	0	0	0	0	0	0	0	0	0	0	0	0	0	0	0	6554164.375	0	0	0	0	0	0	0	0
34.2623076923077	4984214	0	0	0	0	0	0	11503510.221	0	0	0	0	3551011.498	0	0	0	15262961.917	17188808.527	0	8404951.028	6661231.911	0	0	44305910.089	0	0	0	0	0	0	0	0	0	0	0	0	0	0	0	0	0	0	0	0	0	5240920.757	0	0	0	0	0	0	0	0	0	0	0	0	5689328.45	0	0	0	3909986.837	0	0	0	0	20838518.509	0	0	0	0	0	0	20460450.708	0	0	0	0	0	0	0
34.2875	0	0	0	0	0	0	0	0	0	0	0	0	2182394.08	0	0	0	0	0	0	0	0	0	0	0	0	0	0	0	0	0	0	0	0	0	0	0	0	0	0	0	0	0	0	0	0	6422767.487	0	0	0	0	0	0	6660485.857	0	0	0	0	0	0	0	0	0	0	0	0	0	0	0	0	0	0	0	0	13151575.335	0	0	0	0	0	0	0	0
34.325	0	0	0	0	0	0	0	0	0	0	0	0	0	0	0	0	0	0	0	0	0	0	0	0	0	0	0	0	0	0	0	0	5940828.628	0	0	0	0	0	0	0	0	0	0	0	0	0	0	0	0	0	0	0	0	0	0	0	0	0	0	0	0	0	0	0	0	0	0	0	0	0	0	0	0	0	0	0	1782835.143	0	0	0	0	0
34.945	0	0	0	0	0	0	0	0	0	0	0	0	0	0	0	0	0	0	0	0	0	0	0	0	0	0	0	0	0	0	0	0	0	0	0	0	0	0	0	0	0	0	0	0	0	0	0	0	0	0	0	0	0	0	0	0	0	4170282.074	0	0	0	0	0	0	2819246.228	0	0	0	0	0	0	0	0	0	0	0	0	0	0	0	0	0
35.015	0	0	0	0	0	0	0	0	0	0	0	0	0	0	0	0	0	0	0	0	0	0	0	0	0	0	0	0	0	0	0	0	0	0	0	0	0	0	0	0	0	0	0	0	0	0	0	0	0	0	0	0	0	0	0	0	0	5394593.567	0	0	0	0	0	0	4524616.648	0	0	0	0	0	0	0	0	0	0	0	0	0	0	0	0	0
35.386	0	0	0	0	0	0	0	0	0	0	0	0	0	0	0	0	1488737.756	3851146.311	0	0	0	0	0	0	0	0	0	0	0	0	0	0	0	0	0	0	0	0	0	0	0	0	0	0	0	4206293.095	0	0	0	0	0	0	0	0	0	0	0	0	0	0	0	0	0	0	0	0	0	5342327.378	0	0	0	0	0	0	3694767.005	0	0	0	0	0	0	0
35.4325	0	0	0	0	0	0	0	0	0	0	0	0	0	0	0	0	0	2352953.215	0	0	0	0	0	20019318.725	0	0	0	0	0	0	0	0	0	0	0	0	0	0	0	0	0	0	0	0	0	0	0	0	0	0	0	0	0	0	0	0	0	0	0	0	0	0	0	0	0	0	0	3715628.496	0	0	0	0	0	0	7844753.648	0	0	0	0	0	0	0
36.111	0	0	0	0	0	0	0	0	0	0	0	0	0	0	0	5921943.554	0	0	1145070.862	0	0	0	0	126586710.78	0	0	7917719.328	0	0	0	0	0	0	0	0	0	0	0	0	0	0	0	7666459.35	0	0	0	0	0	0	0	0	0	0	0	0	0	0	0	0	0	0	3348074.743	0	0	0	1202440.659	0	0	0	0	0	0	0	0	0	3511420.919	0	5429841.1	10875660.608	0	0	0
36.235	0	0	0	0	0	0	0	0	0	0	0	0	0	0	0	0	0	0	0	1691907.56	0	0	0	0	2620571.978	0	0	0	0	0	0	0	0	0	0	0	0	0	0	0	0	0	0	0	0	0	0	0	0	0	0	0	0	0	0	0	0	0	0	0	0	0	0	0	0	0	0	0	0	0	0	0	0	0	0	0	0	0	0	0	0	0
36.28	1869621.169	2376445.681	0	0	0	0	0	0	0	0	0	0	0	0	0	0	0	0	0	1572412.413	1537467.315	0	0	0	0	0	0	0	0	0	0	0	0	0	0	0	0	0	0	0	0	0	0	0	0	0	0	0	0	0	0	0	0	0	0	0	0	0	0	0	0	0	0	0	0	0	0	0	0	0	0	0	0	0	0	0	0	0	0	0	0	0
36.9133333333333	0	0	0	0	0	2128906.261	0	0	0	0	0	0	0	0	0	0	4693236.761	0	3438986.761	0	9063759.26	0	0	0	0	0	0	0	6517776.683	11556288.462	0	0	0	0	0	0	0	0	0	0	2706147.897	0	5606187.32	0	0	0	1389278.755	4412060.346	0	0	0	0	0	6348132.955	0	0	0	0	0	0	0	0	0	0	0	0	0	0	0	0	0	0	4236066.036	0	0	0	0	0	0	0	0	0
36.94125	0	0	0	0	0	5569815.704	0	0	0	0	0	0	0	0	0	5573256.809	2366424.555	0	0	0	0	0	0	0	0	0	0	0	0	0	0	0	6573025.108	0	0	0	1850028.272	0	0	0	758949.389	0	0	0	0	0	0	0	0	0	0	0	21955451.525	0	0	0	0	1084650.536	0	0	0	0	0	0	0	0	0	0	0	0	0	0	0	0	0	0	0	0	0	0	0	0
36.9716666666667	0	0	0	0	0	0	0	0	0	0	0	0	1359001.972	0	0	0	0	0	0	0	4614197.943	2340277.173	0	0	0	0	0	0	0	0	0	0	0	0	0	0	0	0	0	0	685319.858	0	0	0	0	0	0	0	0	0	0	0	0	0	0	0	0	5388621.675	0	0	0	0	0	0	0	0	0	0	0	0	0	0	0	0	0	0	0	0	1322137.313	0	0	0
37.0081818181818	0	1374496.409	1317440.847	0	0	0	0	12939835.154	0	0	0	0	0	0	0	0	0	0	0	0	0	5258614.359	0	0	1118323.258	0	0	0	0	498129.146	4410316.8	0	0	0	0	4186804.599	1578209.545	0	0	0	2002965.983	0	0	0	0	0	0	0	0	0	0	0	0	0	0	0	0	0	0	0	0	0	0	0	0	0	0	0	0	0	0	0	0	0	0	0	0	5100045.332	0	0	0	0
37.0488	0	3213005.377	1623293.423	0	0	0	0	0	0	0	0	0	6219249.171	0	0	0	0	29861163.908	3376295.135	5972262.021	2336036.386	0	0	0	3495166.055	0	4704992.584	0	0	1635855.52	0	0	0	11381993.752	0	0	0	0	0	0	2151763.57	0	0	0	4480497.41	21601238.875	0	0	4707097.513	0	0	0	0	0	0	0	0	0	0	0	3973544.5	4916320.944	5438794.66	0	5726302.835	0	0	26629007.078	0	0	6253879.317	0	0	12061032.765	32613344.423	0	5260732.87	0	5125186.216	0	0	0
37.0736363636364	8548582.338	0	0	0	0	0	0	0	0	0	0	0	0	0	0	0	0	0	0	0	2693128.211	0	0	63383156.623	0	0	0	0	0	0	0	3199288.462	7572596.776	0	0	1757356.489	2509657.1	0	0	0	0	0	0	0	0	0	4818548.078	0	0	0	0	0	12853164.298	0	0	0	0	0	10953315.484	0	0	0	0	0	0	0	0	0	0	0	0	0	0	0	0	0	2393943.324	0	0	0	0	0
37.1066666666667	0	1902205.485	0	0	0	0	0	0	0	0	0	0	0	0	0	0	4050548.065	0	0	0	0	0	0	0	0	0	0	0	0	3937782.543	0	0	0	0	0	0	0	0	0	0	0	0	0	0	0	0	0	0	0	0	0	0	0	0	0	0	0	0	0	0	0	0	0	0	0	0	0	0	0	0	0	0	0	0	0	0	0	0	0	0	0	0
37.5636363636364	0	17443976.849	0	0	3065560.671	0	0	0	0	0	0	0	0	1481938.465	0	0	0	0	0	18504910.294	24387489.264	0	5390132.609	0	0	0	13350133.224	0	0	19328657.721	0	6736607.061	0	0	0	22147760.599	0	0	0	0	0	9014381.623	0	0	0	54989842.371	0	0	0	0	0	0	44818503.476	0	4030891.122	0	11102425.301	0	37077558.878	0	0	0	0	0	0	0	0	105954810.531	0	0	0	8136676.977	0	44654532.749	99763068.149	0	0	0	0	4953915.414	0	3570188.6
37.6	0	0	0	0	0	0	0	0	0	0	0	0	0	0	0	0	0	0	0	0	0	0	0	0	0	0	0	0	0	0	0	0	0	0	0	0	0	0	0	0	0	0	0	0	0	0	0	0	0	0	0	0	0	0	0	0	0	0	0	0	0	0	0	0	2117635.539	0	0	0	0	2356653.117	0	0	0	0	0	0	0	0	0	0	0	0
38.5183870967742	23132987.693	14095764.255	0	3295371.597	0	9179991.773	0	0	0	0	6935160.341	0	0	2217081.809	4674295.722	0	10999064.108	0	0	17513296.469	0	0	6074071.602	192505869.13	0	0	12557884.232	1715070.451	8030780.491	0	0	5055665.255	0	0	0	0	5038595.372	0	0	1791996.755	0	8112572.986	11913216.046	7298898.667	0	0	0	0	13819486.872	0	4616801.305	0	0	0	3911544.053	0	8110423.017	13675657.302	32215607.749	0	0	0	0	0	0	0	0	106701000.206	0	0	0	5027958.071	0	45926893.683	103434012.769	0	0	0	0	0	0	4347897.96
38.5471428571429	0	0	0	0	0	0	0	0	0	0	0	0	0	0	0	0	0	0	0	0	20669222.714	0	0	0	0	0	0	0	0	16699406.464	0	0	27953739.238	0	0	0	0	0	0	0	0	0	0	0	0	0	0	0	0	0	0	1846910.22	37634402.327	0	1807432.381	0	0	0	0	0	0	0	0	0	0	0	0	0	0	0	0	0	0	0	0	0	0	0	0	4674773.262	0	0
42.7266666666667	0	0	0	0	0	0	0	0	0	0	0	0	0	0	0	0	0	0	0	0	0	0	0	23440621.275	0	0	0	0	0	0	0	0	0	0	0	0	0	0	0	0	0	0	0	0	0	0	0	0	0	0	0	0	0	0	0	0	0	0	0	0	0	0	0	0	0	0	0	8792371.823	0	0	0	0	0	0	11519648.775	0	0	0	0	0	0	0
																																																																																			
Family	10	12	14	15	16	17	18	19	2	20	21	23	24	25	26	27	28	29	3	30	31	33	35	36	37	38	39	4	40	41	43	44	45	46	47	48	5	6	7	8	9	10	12	14	15	16	17	18	19	2	20	21	23	24	25	26	27	28	29	3	30	31	33	35	36	37	38	39	4	40	41	43	44	45	46	47	48	5	6	7	8	9
Age	M	M	M	M	M	M	M	M	M	M	M	M	M	M	M	M	M	M	M	M	M	M	M	M	M	M	M	M	M	M	M	M	M	M	M	M	M	M	M	M	M	P	P	P	P	P	P	P	P	P	P	P	P	P	P	P	P	P	P	P	P	P	P	P	P	P	P	P	P	P	P	P	P	P	P	P	P	P	P	P	P	P
SampleDate	6	6	6	7	7	8	8	8	2	8	8	10	10	10	9	10	11	12	3	12	12	12	13	13	14	14	14	4	15	16	17	18	19	20	21	22	5	5		5	6	6	6	6	7	7	8	8	8	2	8	8	10	10	10	9	10	11	12	3	12	12	12	13	13	14	14	14	4	15	16	17		19	20	21	22	5	5		5	6
Beach	2	2	2	1	2	2	2	1	1	2	2	2	2	2	1	1	1	1	1	2	2	2	2	2	1	2	2	1	1	1	1	1	1	1	1	1	1	2	2	2	1	2	2	2	1	2	2	2	1	1	2	2	2	2	2	1	1	1	1	1	2	2	2	2	2	1	2	2	1	1	1	1	1	1	1	1	1	1	2	2	2	1
pup_sex																																												1	1				1	2		1				1	1	1	1	2						1			2	1	2	2	2	1	2	2	2	2				2
AgeBeach	M2	M2	M2	M1	M2	M2	M2	M1	M1	M2	M2	M2	M2	M2	M1	M1	M1	M1	M1	M2	M2	M2	M2	M2	M1	M2	M2	M1	M1	M1	M1	M1	M1	M1	M1	M1	M1	M2	M2	M2	M1	P2	P2	P2	P1	P2	P2	P2	P1	P1	P2	P2	P2	P2	P2	P1	P1	P1	P1	P1	P2	P2	P2	P2	P2	P1	P2	P2	P1	P1	P1	P1	P1	P1	P1	P1	P1	P1	P2	P2	P2	P1
Heterozygosity	1	3	2	2	2	3	3	2	4	4	1	3	3	2	2	3	2	4	4	3	2	3	1	4	3	3	3	3	2	3	1	3	2	4	2	4	2	4	2	2	2	3	3	3	2	2	4	2	2	3	3	2	4	3	3	3	4	1	4	2	2	4	3	3	4	3	3	3	2	3	3	2	3	2	3	4	3	2	4	3	3	1
Het2Cat	1	2	1	1	1	2	2	1	2	2	1	2	2	1	1	2	1	2	2	2	1	2	1	2	2	2	2	2	1	2	1	2	1	2	1	2	1	2	1	1	1	2	2	2	1	1	2	1	1	2	2	1	2	2	2	2	2	1	2	1	1	2	2	2	2	2	2	2	1	2	2	1	2	1	2	2	2	1	2	2	2	1
