28.154
36.91333333
14.52461538
27.21666667
15.695
20.51086207
23.68416667
8.516153846
8.516153846
14.37
19.72268293
20.45466667
24.72
25.925
22.11166667
36.91333333
22.35833333
20.84133333
22.35833333
38.54714286
15.20823529
28.34
26.32
17.62533333
19.66514286
22.98714286
25.925
22.262
11.84727273
24.72
21.57529412
25.355
14.58888889
16.20714286
36.94125
9.7
15.62272727
17.81857143
11.23666667
13.26172414
8.307142857
12.72882353
10.75428571
19.72268293
20.45466667
22.262
22.98714286
11.84727273
19.66514286
37.0488
37.0488
8.47375
14.6988
22.11166667
17.62533333
11.04931818
18.22411765
19.72268293
20.25794118
22.262
13.79738095
23.39454545
25.925
36.94125
14.37
20.84133333
23.2525
24.55375
15.62272727
14.37
15.538
17.325
20.8027027
13.12375
36.94125
14.52461538
19.52538462
37.00818182
34.26230769
19.86137931
34.26230769
13.12375
9.776
20.8027027
23.2525
37.00818182
23.216
15.2425
24.55375
15.2425
16.85142857
13.12375
19.86137931
23.216
23.216
17.325
17.325
21.82333333
17.62533333
21.82333333
9.7
8.545666667
36.91333333
19.86137931
20.84133333
21.49942857
27.68736842
28.00727273
19.97269231
37.10666667
8.307142857
24.59083333
20.361875
15.20823529
37.00818182
20.25794118
22.55076923
36.91333333
21.09
20.45466667
20.51086207
28.00727273
23.216
12.66740741
19.52538462
25.355
36.94125
16.2865
22.262
24.26
25.8425
8.545666667
19.6197619
8.23
19.14
20.84133333
8.307142857
20.45466667
37.0488
8.307142857
17.81857143
37.10666667
14.6988
22.59444444
22.7275
36.28
14.52461538
21.34820513
25.00285714
11.84727273
20.45466667
27.68736842
8.516153846
13.18133333
8.061111111
38.5183871
13.86416667
10.75428571
16.71571429
36.94125
15.30333333
8.307142857
9.693125
9.693125
15.82555556
17.51333333
10.32285714
8.47375
19.20891892
19.86137931
37.0488
24.59083333
8.516153846
19.6197619
15.62272727
10.32285714
23.216
22.424
12.79166667
9.693125
11.81888889
13.12375
19.72268293
22.98714286
8.516153846
19.6197619
16.85142857
20.45466667
22.424
8.307142857
21.12214286
9.7
15.538
20.45466667
15.20823529
21.57529412
21.82333333
14.05666667
21.405
21.49942857
25.8425
37.07363636
37.56363636
20.8027027
21.57529412
26.054
21.21238095
37.56363636
20.568
14.05666667
18.71884615
20.25794118
21.57529412
8.516153846
28.154
12.79166667
11.04931818
37.07363636
11.84727273
27.21666667
37.07363636
20.51086207
22.98714286
35.4325
11.84727273
26.32
20.8027027
37.07363636
15.74219178
24.55375
37.07363636
20.84133333
27.21666667
27.21666667
28.76285714
24.325
27.21666667
26.1875
14.64409091
8.516153846
36.94125
8.307142857
11.04931818
31.61
13.12375
31.61
15.2425
26.91857143
8.307142857
9.776
12.39733333
19.72268293
37.00818182
8.23
20.84133333
8.23
8.516153846
19.52538462
33.63655172
21.12214286
13.7290678
21.57529412
26.78859155
19.52538462
27.68736842
8.061111111
15.74219178
19.6197619
16.3974359
20.8027027
33.63655172
11.84727273
37.00818182
36.91333333
16.85142857
22.59444444
24.59083333
8.23
16.85142857
29.02866667
27.68736842
18.22411765
12.72882353
29.02866667
37.00818182
16.85142857
12.39733333
15.20823529
20.568
11.04931818
15.62272727
18.71884615
21.57529412
26.91857143
38.54714286
13.79738095
14.64409091
19.05166667
15.11
24.55375
17.81857143
18.295
19.6197619
19.72268293
